# callgrind format
version: 1
creator: callgrind-3.18.1
pid: 40950
cmd:  ./Bakery_veloce
part: 1


desc: I1 cache: 
desc: D1 cache: 
desc: LL cache: 

desc: Timerange: Basic block 0 - 2413111
desc: Trigger: Program termination

positions: line
events: Ir
summary: 5756078


ob=(4) /usr/libexec/valgrind/vgpreload_core-amd64-linux.so
fl=(145) ???
fn=(490) 0x00000000000012f0
0 5

fn=(482) 0x0000000000001170
0 12

ob=(3) /usr/lib/x86_64-linux-gnu/libc.so.6
fl=(105) ./string/../sysdeps/x86_64/multiarch/strcasecmp.c
fn=(346) strcasecmp
31 1
fi=(204) ./string/../sysdeps/x86_64/multiarch/ifunc-strcasecmp.h
+1 5
fe=(105)
-1 1

fl=(163) ./libio/./libio/filedoalloc.c
fn=(558) _IO_file_doallocate
78 18
+6 8
fi=(185) ./libio/./libio/libioP.h
940 6
+2 4
+1 4
fe=(163)
84 6
cfi=(162) ./libio/./libio/fileops.c
cfn=(560) _IO_file_stat
calls=2 1146 
* 36
* 4
+2 8
+11 8
+4 4
cob=(2) ???
cfi=(51) ???
cfn=(566) 0x0000000004874380
calls=2 0 
* 1991
* 2
+1 4
+2 8
cfi=(161) ./libio/./libio/genops.c
cfn=(592) _IO_setb
calls=2 329 
* 48
+1 2
+1 16

fl=(170) ./misc/./misc/sbrk.c
fn=(588) sbrk
37 4
+6 2
-6 2
+3 2
-3 4
+3 2
+3 2
+20 1
+15 10
-20 4
+1 2
cfi=(171) ./misc/../sysdeps/unix/sysv/linux/brk.c
cfn=(590) brk
calls=1 -24 
* 9
* 2
+4 1
-1 4
+4 4
+8 1
cfi=(171)
cfn=(590)
calls=1 -39 
* 9
* 2

fl=(162)
fn=(560)
1146 2
+1 4
cfi=(164) ./io/../sysdeps/unix/sysv/linux/fstat64.c
cfn=(562) fstat
calls=2 29 
* 30

fn=(596) _IO_file_read
1130 5
+1 5
+2 5
-1 5
+1 10
cfi=(172) ./io/../sysdeps/unix/sysv/linux/read.c
cfn=(598) read
calls=5 25 
* 40

fn=(658) _IO_do_write@@GLIBC_2.2.5
423 1
+2 3
+1 1

fn=(554) _IO_file_underflow@@GLIBC_2.2.5
461 23
+4 69
-4 40
+7 10
+6 15
+3 10
+12 8
+9 10
fi=(185)
940 5
+2 5
-2 5
fe=(162)
505 10
cfi=(161)
cfn=(594) _IO_switch_to_get_mode
calls=5 164 
* 125
+6 5
+5 5
-5 5
fi=(185)
942 10
fe=(162)
511 5
fi=(185)
942 5
fe=(162)
511 15
fi=(185)
943 10
fe=(162)
516 20
cfn=(596)
calls=5 1130 
* 70
+2 10
+16 4
-9 4
+9 8
+2 8
+1 32
-6 1
-10 5
+11 1
-11 2
+16 8
-57 3
+5 2
cfi=(161)
cfn=(556) _IO_doallocbuf
calls=1 343 
* 1923
+4 4
-23 18
+71 18

fn=(656) _IO_file_overflow@@GLIBC_2.2.5
731 5
+1 4
+7 3
+35 2
-32 2
+12 2
+9 3
+5 3
+2 2
-3 2
+3 1
+1 1
-6 1
+1 1
+5 4
+16 1
-12 1
+1 1
+11 2
-12 1
cfn=(658)
calls=1 423 
* 5
-31 2
cfi=(161)
cfn=(556)
calls=1 343 
* 306
+1 1
+9 1
-9 5

fn=(654) _IO_file_xsputn@@GLIBC_2.2.5
1197 1500
+7 300
-7 900
+6 1152
+9 552
-2 1104
+17 828
+1 275
+3 825
+2 275
+2 275
+2 550
-2 275
+1 275
+1 275
-2 275
cob=(2)
cfi=(51)
cfn=(674) 0x00000000048743e0
calls=275 0 
* 5019
* 275
+4 550
+28 2700
-36 1
+12 1
fi=(185)
940 3
+2 2
+1 2
fe=(162)
1243 3
cfn=(656)
calls=1 731 
* 362
* 2
+6 2
+1 7
+2 2
+11 3
+1 4
cfi=(161)
cfn=(660) _IO_default_xsputn
calls=1 371 
* 63
+2 3

fl=(149) ./libio/./libio/vtables.c
fn=(504) check_stdfiles_vtables
83 1
+1 4
+1 3
+1 3
+2 1

fl=(194) ./libio/../sysdeps/posix/libc_fatal.c
fn=(734) __libc_message
58 2
+95 1
-95 2
+95 1
-95 12
+17 1
-17 3
+4 5
+13 3
-17 9
+23 6
cob=(2)
cfi=(51)
cfn=(692) 0x00000000048744d0
calls=2 -81 
* 42
+2 6
-4 12
+11 6
+9 6
+1 2
+3 18
+5 3
-5 3
+1 3
+1 3
+1 3
-31 9
+33 6
-18 2
+2 8
+2 1
-1 3
cob=(2)
cfi=(51)
cfn=(652) 0x0000000004874490
calls=1 -93 
* 16
+1 1
-1 1
+1 1
+19 16
+5 2
+1 1
-3 7
+3 1
-1 1
-2 1
+5 1
-1 1
-2 1
+1 1
-3 2
+3 1
-1 1
-2 1
+5 1
-1 1
-2 1
+1 1
-3 2
fi=(195) ./libio/../sysdeps/unix/sysv/linux/libc_fatal.c
-87 6
+2 2
fe=(194)
+95 2
+4 4
-2 3
+1 3
+1 3
cfi=(196) ./misc/../sysdeps/unix/sysv/linux/mmap64.c
cfn=(738) mmap
calls=1 -83 
* 9
* 1
+3 2
+2 1
+1 2
+1 4
+1 2
-1 1
+1 1
cob=(2)
cfi=(51)
cfn=(674)
calls=1 0 
* 19
* 4
-1 2
+1 2
cob=(2)
cfi=(51)
cfn=(674)
calls=2 0 
* 30
* 3
-1 6
+2 1
+4 2
+2 2
+10 1
cfi=(197) ./stdlib/./stdlib/abort.c
cfn=(740) abort
calls=1 49 
* 108
-42 2

fl=(87) ./wcsmbs/../sysdeps/x86_64/multiarch/wcsnlen.c
fn=(302) wcsnlen
29 1
fi=(88) ./wcsmbs/../sysdeps/x86_64/multiarch/ifunc-wcslen.h
+5 4
-1 2
+2 3
+2 2
+4 3
+3 3
fe=(87)
-15 1

fl=(99) ./wcsmbs/../sysdeps/x86_64/multiarch/wcscmp.c
fn=(332) wcscmp
30 1
fi=(95) ./wcsmbs/../sysdeps/x86_64/multiarch/ifunc-avx2.h
+3 5
-1 2
+2 3
+2 2
+4 3
+3 4
fe=(99)
-13 1

fl=(202) ./nptl/./nptl/pthread_kill.c
fn=(750) pthread_kill@@GLIBC_2.34
83 2
fi=(205) ./nptl/../sysdeps/unix/sysv/linux/internal-signals.h
-31 1
fe=(202)
+31 1
+4 1
-4 7
+3 4
-55 2
+11 3
+1 1
cfi=(203) ./posix/../sysdeps/unix/syscall-template.S
cfn=(752) getpid
calls=1 +48 
* 4

fl=(155) ./setjmp/../sysdeps/x86_64/setjmp.S
fn=(536) __sigsetjmp
30 1
+2 1
+9 1
+1 2
+1 1
+4 1
+1 1
+1 1
+1 1
+1 1
+2 2
+2 1
+1 1
+1 1
+2 2
+2 1
+5 1
+1 1
+17 1
cfi=(156) ./setjmp/./setjmp/sigjmp.c
cfn=(538) __sigjmp_save
calls=1 -56 
* 9

fl=(203)
fn=(752)
91 3
+2 1

fl=(168) ./stdlib/../sysdeps/unix/sysv/linux/getrandom.c
fn=(574) getrandom
28 1
+1 7
+1 1

fl=(128) ./string/../sysdeps/x86_64/multiarch/rawmemchr.c
fn=(408) rawmemchr
31 1
fi=(124) ./string/../sysdeps/x86_64/multiarch/ifunc-evex.h
+4 5
-1 2
+2 3
+5 2
-3 2
+9 3
+3 4
fe=(128)
-19 1

fl=(196)
fn=(738)
47 2
+3 2
+8 4
+2 1

fl=(118) ./string/../sysdeps/x86_64/multiarch/strlen.c
fn=(380) strlen
29 2
fi=(84) ./string/../sysdeps/x86_64/multiarch/ifunc-avx2.h
+4 10
-1 4
+2 6
+2 4
+4 6
+3 8
fe=(118)
-14 2

fl=(190) ./stdio-common/./stdio-common/_itoa.c
fn=(696) _itoa_word
163 96
+3 192
+2 96
+9 1188
+9 96

fl=(198) ./signal/../sysdeps/unix/sysv/linux/sigprocmask.c
fn=(742) sigprocmask
24 2
+1 1
cfi=(199) ./nptl/./nptl/pthread_sigmask.c
cfn=(744) pthread_sigmask@@GLIBC_2.32
calls=1 * 
* 27
+1 2
+4 2

fl=(100) ./string/../sysdeps/x86_64/multiarch/stpncpy.c
fn=(336) stpncpy
31 1
fi=(101) ./string/../sysdeps/x86_64/multiarch/ifunc-strcpy.h
+5 2
+1 1
-1 2
+1 2
+2 2
+4 3
+3 3
fe=(100)
-15 1

fl=(160) ./nptl/./nptl/libc-cleanup.c
fn=(548) __libc_cleanup_push_defer
24 25
+3 50
+3 100
+1 25
+2 25
+1 25

fn=(606) __libc_cleanup_pop_restore
39 25
+3 50
+2 50
+1 50
+2 25

fl=(184) ./libio/./libio/ioputs.c
fn=(650) puts
33 1056
+2 132
cob=(2)
cfi=(51)
cfn=(652)
calls=132 -35 
* 2112
+1 132
-1 132
+1 1584
+3 132
-3 132
+3 132
-3 132
+3 264
-1 262
+1 1
+1 1
fi=(185)
940 3
+2 2
+1 2
fe=(184)
40 131
fi=(185)
940 393
+2 262
+1 262
fe=(184)
40 396
cfi=(162)
cfn=(654)
calls=132 1197 
* 8714
* 264
+1 924
+1 528
fi=(185)
883 264
+1 1320
fe=(184)
46 924

fl=(199)
fn=(744)
25 6
+5 2
+2 1
fi=(206) ./nptl/../sysdeps/unix/sysv/linux/sigsetops.h
+64 1
fe=(199)
-64 2
+8 5
+5 5
+1 5

fl=(127) ./string/../sysdeps/x86_64/multiarch/strncase.c
fn=(406) strncasecmp
31 1
fi=(204)
+1 5
fe=(127)
-1 1

fl=(171)
fn=(590)
35 2
+1 8
+1 4
+6 2
+1 2

fl=(102) ./wcsmbs/../sysdeps/x86_64/multiarch/wmemchr.c
fn=(340) wmemchr
31 2
fi=(103) ./wcsmbs/../sysdeps/x86_64/multiarch/ifunc-evex.h
+4 10
-1 4
+2 6
+5 4
-3 4
+9 6
+3 8
fe=(102)
-19 2

fl=(137) ./ctype/./ctype/ctype-info.c
fn=(442) __ctype_init
29 1
+2 7
+2 4
+2 4
+1 1

fl=(91) ./wcsmbs/../sysdeps/x86_64/multiarch/wcslen.c
fn=(310) wcslen
29 1
fi=(88)
+5 4
-1 2
+2 3
+2 2
+4 3
+3 3
fe=(91)
-15 1

fl=(106) ./string/../sysdeps/x86_64/multiarch/strcspn.c
fn=(348) strcspn
29 1
fi=(207) ./string/../sysdeps/x86_64/multiarch/ifunc-sse4_2.h
+1 5
fe=(106)
-1 1

fl=(125) ./string/../sysdeps/x86_64/multiarch/strspn.c
fn=(400) strspn
29 1
fi=(207)
+1 5
fe=(125)
-1 1

fl=(181) ./string/../sysdeps/x86_64/multiarch/memmove-vec-unaligned-erms.S
fn=(632) __memcpy_avx_unaligned_erms
307 370
+1 370
+6 370
+1 370
+42 370
+1 370
+2 273
+1 273
+2 171
+4 171
+1 76
+1 76
+1 76
+1 76
+1 75
+1 75
+2 75
+2 75
-2 1
+2 1
+6 95
+1 95
+1 95
+1 95
+1 95
+7 97
+1 97
+1 97
+1 97
+2 97
+17 102
+1 102
+1 102
+1 102
+1 102

fn=(676) __mempcpy_avx_unaligned_erms
294 278
+1 278
+1 278
+1 278
+17 278
+1 278
+42 278
+1 278
+2 243
+1 243
+2 122
+4 122
+1 120
+1 120
+1 120
+1 120
+1 24
+1 24
+2 24
+2 24
-2 96
+2 96
+6 2
+1 2
+1 2
+1 2
+1 2
+7 35
+1 35
+1 35
+1 35
+2 35
+17 121
+1 121
+1 121
+1 121
+1 121

fl=(189) ./string/../sysdeps/x86_64/multiarch/strchr-avx2.S
fn=(694) __strchrnul_avx2
51 98
+2 98
+1 98
+1 98
+1 98
+1 98
+3 98
+1 98
+4 98
+1 98
+1 98
+1 98
+1 98
+1 98
+1 98
+1 98
+6 98
+1 196

fl=(119) ./string/../sysdeps/x86_64/multiarch/strncpy.c
fn=(384) strncpy
29 1
fi=(101)
+7 2
+1 1
-1 2
+1 2
+2 2
+4 3
+3 3
fe=(119)
-17 1

fl=(152) ./stdlib/./stdlib/cxa_atexit.c
fn=(512) __cxa_atexit
69 9
-28 2
+2 6
+1 2
cfn=(514) __new_exitfn
calls=1 +38 
* 32
+2 2
+10 1
+2 1
-5 3
+3 1
-1 1
+4 2
+1 1
-1 2
+12 6

fn=(514)
82 1
+6 2
-6 4
+11 4
-10 2
+12 4
-2 1
+10 1
-10 3
+45 1
+5 1
-4 1
+4 4
-18 1
-1 1
+1 1

fl=(161)
fn=(552) _IO_default_uflow
361 46
fi=(185)
940 46
fe=(161)
361 23
fi=(185)
940 23
fe=(161)
361 46
+1 23
fi=(185)
942 46
+1 46
fe=(161)
362 46
cfi=(162)
cfn=(554)
calls=23 +99 
* 2536
+1 46
+2 16
+1 92

fn=(600) _IO_sputbackc
635 25
+3 15
+1 10
+9 5
+3 20
-10 10
+1 5
+5 5

fn=(550) __uflow
299 115
+1 69
+5 69
+3 23
173 23
308 46
+2 46
+6 46
+7 23
fi=(185)
940 69
+2 46
+1 46
fe=(161)
323 23
+1 23
-1 23
+1 46
-1 23
cfn=(552)
calls=23 +38 
* 3035
-23 46
+21 69

fn=(556)
343 2
+1 4
-1 6
+3 8
+1 2
fi=(185)
940 6
+2 4
+1 4
fe=(161)
347 4
cfi=(163)
cfn=(558)
calls=2 78 
* 2177
* 4
+3 8

fn=(592)
329 18
+1 8
+5 4
-3 2
+3 8
+3 8

fn=(594)
164 25
+1 15
+3 15
+4 10
+1 10
+7 5
-4 5
+4 5
-2 10
+3 5
+1 20

fn=(660)
371 1
+3 2
-3 8
fi=(185)
940 1
fe=(161)
371 1
fi=(185)
940 1
fe=(161)
371 1
fi=(185)
940 1
fe=(161)
371 2
+18 2
+8 1
+2 2
-20 4
+2 3
+3 2
+20 1
-29 1
+29 7
-11 10
+1 8
-1 4

fl=(85) ./string/../sysdeps/x86_64/multiarch/strpbrk.c
fn=(298) strpbrk
29 1
fi=(207)
+1 5
fe=(85)
-1 1

fl=(107) ./wcsmbs/../sysdeps/x86_64/multiarch/wcscpy.c
fn=(350) wcscpy
43 1
-6 5
+6 1

fl=(179) ./string/../sysdeps/x86_64/multiarch/strlen-avx2.S
fn=(626) __strlen_avx2
50 507
+13 507
+1 507
+1 507
+3 507
+2 507
+1 507
+3 505
+1 505
+8 505
+1 505
+1 505
+5 1010
509 2
+1 2
+1 2
+3 2
+15 2
+1 2
+1 2
+7 4

fl=(120) ./wcsmbs/../sysdeps/x86_64/multiarch/wmemcmp.c
fn=(388) wmemcmp
29 1
fi=(121) ./wcsmbs/../sysdeps/x86_64/multiarch/ifunc-memcmp.h
+5 2
+1 1
-1 2
+1 2
+1 2
+1 3
+2 2
+4 3
+3 3
fe=(120)
-17 1

fl=(147) ./misc/./misc/init-misc.c
fn=(498) __init_misc
30 1
+1 2
-1 4
+1 3
+2 3
cob=(2)
cfi=(51)
cfn=(500) 0x00000000048745f0
calls=1 -33 
* 48
+4 5
+1 3
+2 4

fl=(166) ./malloc/./malloc/malloc.c
fn=(578) tcache_init.part.0
3235 3
+9 8
+1 3
cfn=(580) _int_malloc
calls=1 1343 
* 367
* 1
+1 2
+8 4
+7 2
+2 1
+1 2
-1 1
+1 86
+3 4

fn=(582) sysmalloc
2548 9
+20 4
+11 2
+1 3
+26 1
+1 3
+1 1
+9 4
+6 3
+3 3
2941 2
+1 1
+5 2
+3 2
+5 2
-2 1
+2 1
-1 1
+1 1
-3 1
+3 1
+1 1
-1 3
+1 1
+2 2
+6 11
2687 2
+9 4
+13 3
+8 5
+8 2
+39 2
+2 3
+6 2
+3 2
2896 1
-1 1
+1 3
+1 1
+11 2
fi=(167) ./malloc/./malloc/arena.c
565 1
fe=(166)
2727 1
cfi=(169) ./malloc/./malloc/morecore.c
cfn=(586) __glibc_morecore
calls=1 25 
* 57
+1 2
-1 1
+1 1
2028 1
2729 1
2028 1
2729 1
2028 2
2730 1
+3 2
+33 2
2610 2
2775 2
+40 3
+22 1
+1 1
-1 1
+1 6
+2 2
+1 3
cfi=(169)
cfn=(586)
calls=1 25 
* 28
+12 2
-12 1
+12 1
2028 4
2897 4
2765 2
-52 3

fn=(568) malloc
3287 5232
+7 1744
1343 1742
+19 3488
3306 3488
+3 1742
+10 2124
+28 3540
1362 672
3304 2016
-63 4
cfn=(578)
calls=1 -6 
* 484
+68 2
+2 2610
3193 328
+1 328
+2 164
+1 164
-1 492
+1 164
+1 164
3347 820
-26 2832
cfn=(580)
calls=708 1343 
* 99406
+1 3540
fi=(167)
162 1416
315 1
cfn=(572) ptmalloc_init.part.0
calls=1 -2 
* 1128
fe=(166)
1343 2

fn=(704) _int_free
4421 6016
+10 752
-10 2256
+10 1504
+6 3760
+1 1504
+4 3008
+8 3760
-1 1504
+1 1504
+29 752
-20 752
-6 752
+6 1504
+20 3008
+14 1136
+11 2272
+2 1704
2012 1704
4527 568
+1 568
+4 1704
+2 1704
+4 1136
+2 2272
+1 568
+19 2262
4702 8272
3181 184
+4 184
-4 184
+2 736
+1 184
+1 184
4482 184

fn=(580)
1343 1418
3771 709
1362 709
3771 5672
1362 1418
3811 310
+27 310
+66 705
+2 705
-2 705
+2 1410
1362 1108
3811 1108
4397 1108
3838 1108
+63 6
+62 70
+1 6
+1 155
3838 310
1362 155
3843 310
+2 310
+2 4
-6 2
+9 2
+1 2
-1 4
+1 10
+5 4
+1 4
+7 2
-1 4
+1 10
+5 2
+1 2
3183 2
3870 2
+5 5
3181 2
+2 1
+2 1
-2 2
+2 1
-8 1
+8 1
3869 1
+1 11
+2 2
+2 1
+1 1
-1 2
-21 1653
-10 551
+2 3214
4399 1410
3903 705
4399 9165
3983 705
+1 705
-1 1410
-1 1410
+2 1410
-1 2
+1 2
-1 4
-1 4
+2 4
-2 2118
+12 706
-6 706
+73 2824
-67 2119
-6 1
+73 4
-67 3
2005 6
4413 6381
4183 1414
+2 6
+3 2
-3 2
+3 4
+68 1414
+1 707
+1 707
-1 707
+1 707
+1 1414
+1 2121
+5 1414
+4 2121
+3 2820
-3 2115
+3 2820
-3 1410
+3 2112
+97 707
+1 1414
+2 1414
+3 2123
+17 3
3904 3
4380 706
-2 1412
+2 706
-1 706
+6 706
-5 706
-3 706
+3 706
+2 706
-2 2824
2005 706
4382 706
2005 1412
4407 4
cfn=(582)
calls=1 2548 
* 239
* 1
+1 2
2005 3

fn=(700) free
3352 752
+4 1504
-4 752
+14 752
-14 1504
+12 752
+4 752
-4 752
+4 1504
+17 2256
fi=(167)
162 2256
fe=(166)
3391 1504
cfn=(704)
calls=752 4421 
* 60046
+3 752
+1 3008

fl=(81) ./string/../sysdeps/x86/cacheinfo.c
fn=(290) __x86_cacheinfo
86 1
fi=(82) ./string/../sysdeps/x86/cacheinfo.h
-25 1
+3 3
+2 1
+1 1
-1 2
+7 3
+2 1
+1 1
-1 2
+5 2
+2 2
+1 2
+1 2
+2 2
fe=(81)
* 2

fl=(188) ./stdio-common/./stdio-common/vfprintf-internal.c
fn=(690) __vfprintf_internal
1180 288
+30 120
+8 72
+4 120
+11 48
+11 24
fi=(208) ./stdio-common/./stdio-common/printf-parse.h
111 48
fe=(188)
1244 120
fi=(208)
111 24
cob=(2)
cfi=(51)
cfn=(692)
calls=24 0 
* 504
fe=(188)
1259 24
fi=(208)
111 24
fe=(188)
1259 72
239 24
fi=(209) ./stdio-common/../libio/libioP.h
940 24
fe=(188)
1263 24
fi=(209)
942 24
-2 24
fe=(188)
1263 24
fi=(209)
940 48
+2 48
+1 48
fe=(188)
239 96
cfi=(162)
cfn=(654)
calls=24 1197 
* 480
* 48
127 216
1263 48
+4 72
+4 192
1532 24
1214 24
+34 24
-8 24
1532 72
+23 24
-39 24
+39 24
-39 24
+39 48
1313 1080
+39 72
-51 72
-1 72
-1 72
-1 72
+5 72
1501 72
fi=(208)
88 72
fe=(188)
1352 72
-46 72
-4 72
+50 72
1501 72
1295 72
-1 72
-1 72
-1 72
-1 72
+16 144
1608 48
+1 48
+3 288
-4 216
1218 48
+41 96
cfi=(160)
cfn=(548)
calls=24 24 
* 240
+1 312
-1 48
1609 48
cfi=(160)
cfn=(606)
calls=24 39 
* 192
+2 24
-47 24
-47 528
-1 624
cfi=(190)
cfn=(696)
calls=48 163 
* 1668
* 1392
192 96
+47 48
fi=(209)
942 144
+1 96
fe=(188)
239 192
cfi=(162)
cfn=(654)
calls=48 1197 
* 3216
* 96
127 792
1517 144
-54 48
+53 96
+73 72
fi=(208)
111 72
fe=(188)
1583 72
fi=(208)
111 144
cob=(2)
cfi=(51)
cfn=(692)
calls=72 0 
* 1512
fe=(188)
239 72
fi=(209)
942 72
fe=(188)
1593 72
fi=(208)
111 72
fi=(209)
942 72
fe=(188)
1593 72
fi=(209)
942 72
+1 144
fe=(188)
239 288
cfi=(162)
cfn=(654)
calls=72 1197 
* 4752
* 144
127 936
1593 144
+2 168
-79 848
192 96
1392 96
1516 384
+1 48
cob=(2)
cfi=(51)
cfn=(652)
calls=24 0 
* 384
* 48
-1 480
239 24
fi=(209)
942 72
+1 48
fe=(188)
239 96
cfi=(162)
cfn=(654)
calls=24 1197 
* 1478
* 48
127 144
1516 192

fl=(146) ./csu/./csu/init-first.c
fn=(496) _init_first
46 4
+5 2
+4 5
+8 1
-2 1
+10 1
-9 1
+1 1
+9 2
-1 1
cfi=(147)
cfn=(498)
calls=1 -41 
* 73

fl=(94) ./wcsmbs/../sysdeps/x86_64/multiarch/wcschr.c
fn=(318) wcschr
31 2
fi=(95)
+2 10
-1 4
+2 6
+2 4
+4 6
+3 8
fe=(94)
-12 2

fl=(136) ./elf/./elf/libc_early_init.c
fn=(440) __libc_early_init
33 7
+2 1
cfi=(137)
cfn=(442)
calls=1 -6 
* 17
+3 1
fi=(139) ./elf/../sysdeps/nptl/pthread_early_init.h
-5 2
fe=(136)
+8 1
-3 1
fi=(139)
-5 1
cfi=(138) ./resource/../sysdeps/unix/sysv/linux/getrlimit64.c
cfn=(444) getrlimit
calls=1 +5 
* 10
* 3
+1 6
+11 1
fi=(210) ./elf/../nptl/nptl-stack.h
+13 3
fi=(139)
-13 1
fi=(210)
+13 2
fi=(139)
-4 1
fi=(210)
+4 2
fi=(139)
-6 1
fi=(210)
+6 1
fi=(139)
-12 1
+6 6
+1 1
+4 1
cfi=(140) ./nptl/./nptl/pthread_mutex_conf.c
cfn=(448) __pthread_tunables_init
calls=1 -7 
* 884
fe=(136)
-10 3
+2 2
-2 1
cfi=(143) ./nptl/../sysdeps/unix/sysv/linux/x86/elision-conf.c
cfn=(462) __lll_elision_init
calls=1 +49 
* 147

fl=(159) ./stdio-common/./stdio-common/vfscanf-internal.c
fn=(546) __vfscanf_internal
278 13
+10 5
+1 1
fi=(175) ./stdio-common/../include/scratch_buffer.h
78 1
fe=(159)
289 1
fi=(175)
77 2
fe=(159)
339 1
fi=(175)
77 1
fe=(159)
339 4
+6 4
+3 4
+4 2
+13 1
-6 1
+8 2
-8 1
+8 1
+5 1
-5 1
+5 6
cfi=(160)
cfn=(548)
calls=1 24 
* 10
* 3
+9 1
-4 1
+4 3
570 1
284 1
-1 1
+10 1
-11 1
570 2
2429 4
328 2
+4 1
-5 1
-1 1
-1 1
-12 1
2180 1
2429 1
2180 5
418 8
+24 8
+1 8
+3 10
-65 16
3015 8
+3 21
+1 15
-1 6
222 4
+1 4
-1 2
488 2
222 2
488 4
222 2
488 4
372 11
482 2
+22 8
+25 2
-4 8
+7 20
+80 4
+5 2
-1 4
+1 4
+1 3
+3 6
+1 16
+6 15
+3 4
-3 2
+3 10
-3 1
+3 4
-3 6
+4 14
+1 10
+4 4
-4 4
cfi=(161)
cfn=(600)
calls=2 +2 
* 38
+4 16
-9 2
cfi=(161)
cfn=(550)
calls=1 299 
* 2092
* 2
3025 13
cfi=(160)
cfn=(606)
calls=1 39 
* 8
fi=(175)
85 3
fe=(159)
3029 2
+17 2
+6 12
442 2
+6 4
618 3
1398 20
+5 6
+9 12
1733 4
+9 2
fi=(175)
113 8
fe=(159)
1742 4
fi=(175)
113 6
fe=(159)
1740 78
260 24
1797 12
260 24
+3 36
1799 48
+2 108
-68 24
+2 28
+2 10
+67 4
206 2
1811 4
214 4
1812 4
+28 12
cfi=(161)
cfn=(600)
calls=2 635 
* 38
260 6
+3 6
1844 4
1669 2
206 2
1862 4
1669 4
1861 6
+1 2
cfi=(173) ./stdlib/../stdlib/strtol.c
cfn=(602) __strtol_internal
calls=2 97 
* 402
* 2
+6 6
+3 10
+6 2
-4 4
+4 4
+23 4
1390 2
-1 2
+2 2
1742 10
1435 8
+3 8
3020 5
cfi=(161)
cfn=(600)
calls=1 635 
* 19
* 1
1879 4
+17 20
-15 4
+1 6

fl=(169)
fn=(586)
25 2
+1 4
-1 2
+4 2
cfi=(170)
cfn=(588)
calls=2 +8 
* 67
+1 4
+4 4

fl=(176) ./string/../sysdeps/x86_64/multiarch/memset-vec-unaligned-erms.S
fn=(612) __memset_avx2_unaligned_erms
181 4
+1 12
+5 4
+1 4
+1 4
+1 4
+69 4
+1 4
+88 4
+1 4
+1 4
+1 960004
+1 4
+1 8

fl=(89) ./string/../sysdeps/x86_64/multiarch/memset.c
fn=(306) memset
29 2
fi=(90) ./string/../sysdeps/x86_64/multiarch/ifunc-memset.h
+21 10
+3 6
+7 4
+9 4
+2 4
+10 4
+8 4
+2 10
fe=(89)

fl=(97) ./string/../sysdeps/x86_64/multiarch/strrchr.c
fn=(324) rindex
28 1
fi=(84)
+5 5
-1 2
+2 3
+2 2
+4 3
+3 4
fe=(97)
-15 1

fl=(156)
fn=(538)
28 3
+2 2
-1 1
+5 3

fl=(165) ./io/../sysdeps/unix/sysv/linux/fstatat64.c
fn=(564) fstatat
153 4
-55 4
+70 6
+1 2

fl=(200) ./signal/../sysdeps/posix/raise.c
fn=(746) raise
25 3
+1 1
cfi=(201) ./nptl/./nptl/pthread_self.c
cfn=(748) pthread_self
calls=1 -3 
* 3
* 3
cfi=(202)
cfn=(750)
calls=1 +57 
* 26

fl=(164)
fn=(562)
29 4
+1 4
+5 6
cfi=(165)
cfn=(564)
calls=2 153 
* 16

fl=(110) ./string/../sysdeps/x86_64/multiarch/memcmp.c
fn=(358) bcmp
29 1
fi=(111) ./string/../sysdeps/x86_64/multiarch/ifunc-memcmp.h
+5 2
+1 1
-1 2
+1 2
+1 2
+1 3
+2 2
+4 3
+3 3
fe=(110)
-17 1

fl=(122) ./string/../sysdeps/x86_64/multiarch/stpcpy.c
fn=(392) stpcpy
33 1
fi=(101)
+3 2
+1 1
-1 2
+1 2
+2 2
+4 3
+3 3
fe=(122)
-13 1

fl=(148) ./string/../sysdeps/x86_64/multiarch/strrchr-avx2.S
fn=(502) __strrchr_avx2
46 1
+1 1
+1 1
+2 1
+1 1
+3 1
+1 1
+1 1
+33 1
+1 1
+1 1
+1 1
+1 1
+1 1
+1 1
+1 1
+1 1
+1 1
+3 1
+1 1
+2 1
+1 1
+2 1
+13 1
+1 1
+1 1
+1 1
+1 1
+1 1
+1 1
+1 1
+32 1
+1 1
+19 1
+1 1
+1 1
+15 1
+1 1
+1 1
+1 1
+1 1
+2 1
+1 1
+1 1
+1 2

fl=(173)
fn=(642) strtol
105 411
+1 1644
cfi=(174) ./stdlib/../stdlib/strtol_l.c
cfn=(604) ____strtol_l_internal
calls=411 225 
* 40452

fn=(602)
97 2
+1 6
cfi=(174)
cfn=(604)
calls=2 225 
* 394

fl=(96) ./string/../sysdeps/x86_64/multiarch/strchr.c
fn=(322) index
61 1
-20 2
+1 1
-1 2
-1 2
+2 2
+2 2
+4 3
+3 3
+10 1

fl=(116) ./string/../sysdeps/x86_64/multiarch/strcpy.c
fn=(374) strcpy
29 2
fi=(101)
+7 4
+1 2
-1 4
+1 4
+2 4
+4 6
+3 6
fe=(116)
-17 2

fl=(123) ./string/../sysdeps/x86_64/multiarch/memchr.c
fn=(396) memchr
29 1
fi=(124)
+6 5
-1 2
+2 3
+5 2
-3 2
+9 3
+3 4
fe=(123)
-21 1

fl=(172)
fn=(598)
25 5
+1 30
+1 5

fl=(143)
fn=(462)
96 2
+5 1
-5 1
+5 1
-5 3
+5 3
cob=(2)
cfi=(51)
cfn=(450) 0x0000000004874650
calls=1 0 
* 22
+2 4
cob=(2)
cfi=(51)
cfn=(450)
calls=1 0 
* 22
+2 4
cob=(2)
cfi=(51)
cfn=(450)
calls=1 0 
* 22
+2 4
cob=(2)
cfi=(51)
cfn=(450)
calls=1 0 
* 22
+2 4
cob=(2)
cfi=(51)
cfn=(450)
calls=1 0 
* 22
+4 3
+1 1
+1 6

fl=(191) ./string/../sysdeps/x86_64/multiarch/strcpy-avx2.S
fn=(722) __strcpy_avx2
53 48
+6 48
+2 48
+5 48
+2 48
+1 48
+1 48
+2 21
+1 21
+2 21
+1 21
+1 21
+14 21
+1 21
+2 2
+1 2
+7 2
+1 2
304 27
+1 27
+1 27
+1 27
+10 27
+1 27
+31 19
+2 19
+2 19
+1 19
-3 27
+2 27
+1 27
-1 2
+1 2
+1 48
+1 48
+1 39
+1 39
+1 29
+1 29
+1 29
+1 29
+1 1
+1 1
+25 2
+1 2
+1 2
+1 2
+1 2
563 1
+1 1
+1 1
+9 2
+4 28
+1 28
+9 56
+21 10
+1 10
+1 10
+1 10
+10 20
+4 9
+1 9
+1 9
+1 9
+10 18

fl=(98) ./string/../sysdeps/x86_64/multiarch/memmove.c
fn=(328) memmove
29 2
fi=(93) ./string/../sysdeps/x86_64/multiarch/ifunc-memmove.h
+24 6
-1 4
+4 6
+14 4
+2 4
+8 4
+8 4
+2 10
fe=(98)

fl=(140)
fn=(448)
50 2
+1 2
-1 4
+1 3
cob=(2)
cfi=(51)
cfn=(450)
calls=1 -51 
* 840
+2 4
cob=(2)
cfi=(51)
cfn=(450)
calls=1 -53 
* 23
+2 6

fl=(193) ./debug/./debug/fortify_fail.c
fn=(732) __fortify_fail
23 7
+3 5
cfi=(194)
cfn=(734)
calls=1 +32 
* 472

fl=(83) ./string/../sysdeps/x86_64/multiarch/strnlen.c
fn=(294) strnlen
31 2
fi=(84)
+2 10
-1 4
+2 6
+2 4
+4 6
+3 8
fe=(83)
-12 2

fl=(112) ./wcsmbs/../sysdeps/x86_64/multiarch/wmemset.c
fn=(362) wmemset
31 2
fi=(113) ./wcsmbs/../sysdeps/x86_64/multiarch/ifunc-wmemset.h
+2 10
+1 6
+2 4
+8 6
+3 8
fe=(112)
-16 2

fl=(117) ./string/../sysdeps/x86_64/multiarch/strcasecmp_l.c
fn=(378) strcasecmp_l
31 1
fi=(204)
+1 5
fe=(117)
-1 1

fl=(153) ./csu/../sysdeps/nptl/libc_start_call_main.h
fn=(532) (below main)
29 4
+15 1
-15 5
+15 1
cfi=(154) ./setjmp/../sysdeps/x86_64/bsd-_setjmp.S
cfn=(534) _setjmp
calls=1 -16 
* 34
* 1
+2 2
+5 2
+1 2
+3 2
+3 6
cob=(5) /home/tia/Prog/Bakery_veloce
cfi=(157) /home/tia/Prog/Bakery_veloce.c
cfn=(540) main
calls=1 +33 
* 5611875

fl=(92) ./string/../sysdeps/x86_64/multiarch/memcpy.c
fn=(314) memcpy@@GLIBC_2.14
29 2
fi=(93)
+24 6
-1 4
+4 6
+14 4
+2 4
+8 4
+8 4
+2 10
fe=(92)

fl=(167)
fn=(572)
313 1
fi=(166)
3162 3
fe=(167)
313 5
+5 1
fi=(166)
3162 2
cfi=(168)
cfn=(574)
calls=1 28 
* 9
* 2
fe=(167)
343 2
+4 3
fi=(166)
1966 4
+3 1
-3 1
+3 2
-3 2
+3 126
-3 126
+3 252
-3 252
fe=(167)
352 3
fi=(166)
1977 1
+1 1
+2 1
fe=(167)
352 1
cob=(2)
cfi=(51)
cfn=(450)
calls=1 0 
* 23
+1 4
cob=(2)
cfi=(51)
cfn=(450)
calls=1 0 
* 22
+1 4
cob=(2)
cfi=(51)
cfn=(450)
calls=1 0 
* 23
+1 4
cob=(2)
cfi=(51)
cfn=(450)
calls=1 0 
* 23
+1 4
cob=(2)
cfi=(51)
cfn=(450)
calls=1 0 
* 22
+1 4
cob=(2)
cfi=(51)
cfn=(450)
calls=1 0 
* 23
+1 4
cob=(2)
cfi=(51)
cfn=(450)
calls=1 0 
* 23
+2 4
cob=(2)
cfi=(51)
cfn=(450)
calls=1 0 
* 23
+1 4
cob=(2)
cfi=(51)
cfn=(450)
calls=1 0 
* 23
+1 4
cob=(2)
cfi=(51)
cfn=(450)
calls=1 0 
* 23
+3 4
cob=(2)
cfi=(51)
cfn=(450)
calls=1 0 
* 23
+1 4
cob=(2)
cfi=(51)
cfn=(450)
calls=1 0 
* 23
+1 2
+63 7

fl=(174)
fn=(604)
225 1239
+54 413
-54 1652
+19 413
-19 1239
+14 413
-14 413
+26 826
+31 1652
+9 2510
+1 16
-1 48
+2 826
+5 804
-1 402
+6 804
+4 804
+10 804
+10 1608
-82 804
377 402
+56 1608
309 402
449 402
+10 1206
-10 402
+10 402
+12 804
-5 345
+5 345
+1 1035
-41 690
+2 1102
+2 1824
+7 526
+17 526
+1 526
+3 1824
+3 690
+11 804
+5 417
+1 2
+5 278
+36 2192
324 804
491 417
-2 278
+17 695
+18 1112
-11 548
+10 274
-6 274

fl=(201)
fn=(748)
23 1
+2 2

fl=(104) ./string/../sysdeps/x86_64/multiarch/strncmp.c
fn=(344) strncmp
66 1
-25 4
+1 3
+2 2
+5 3
+3 3
+14 1

fl=(114) ./string/../sysdeps/x86_64/multiarch/memrchr.c
fn=(366) memrchr
29 1
fi=(84)
+4 5
-1 2
+2 3
+2 2
+4 3
+3 4
fe=(114)
-14 1

fl=(192) ./debug/./debug/stack_chk_fail.c
fn=(730) __stack_chk_fail
23 3
+1 1
-1 1
+1 1
cfi=(193)
cfn=(732)
calls=1 -1 
* 484

fl=(126) ./string/../sysdeps/x86_64/multiarch/mempcpy.c
fn=(402) mempcpy
33 1
fi=(93)
+20 3
-1 2
+4 3
+14 2
+2 2
+8 2
+8 2
+2 5
fe=(126)

fl=(177) ./libio/./libio/getc.c
fn=(616) getc
34 81414
+3 27138
+1 81348
+5 67823
-5 22
cfi=(161)
cfn=(550)
calls=22 299 
* 1817

fl=(115) ./string/../sysdeps/x86_64/multiarch/strchrnul.c
fn=(370) strchrnul
31 1
fi=(84)
+2 5
-1 2
+2 3
+2 2
+4 3
+3 4
fe=(115)
-12 1

fl=(86) ./string/../sysdeps/x86_64/multiarch/strcmp.c
fn=(300) strcmp
65 2
-24 4
+1 2
-1 4
+1 4
+2 4
+5 6
+3 6
+13 2

fl=(108) ./string/../sysdeps/x86_64/multiarch/strcat.c
fn=(352) strcat
29 1
fi=(101)
+7 2
+1 1
-1 2
+1 2
+2 2
+4 3
+3 3
fe=(108)
-17 1

fl=(138)
fn=(444)
38 2
+1 7
+1 1

fl=(154)
fn=(534)
28 1
+2 1
+2 1
cfi=(155)
cfn=(536)
calls=1 -2 
* 31

fl=(109) ./string/../sysdeps/x86_64/multiarch/strncase_l.c
fn=(356) strncasecmp_l
31 1
fi=(204)
+1 5
fe=(109)
-1 1

fl=(186) ./string/../sysdeps/x86_64/multiarch/strcmp-avx2.S
fn=(666) __strcmp_avx2
83 484
+23 484
+1 484
+2 484
+1 484
+1 484
+1 484
+1 484
+2 319
+1 319
+1 319
+1 319
+1 319
+1 319
+1 319
+1 319
+18 319
+1 319
+1 319
+3 638
656 42
+2 42
+1 42
+1 42
+1 42
+9 42
+1 42
+3 42
+1 42
+3 14
+4 28
+36 151
+1 151
+4 151
+11 151
+1 151
+1 151
+2 302
+10 165
+1 165
+2 151
+1 151
+1 151
+1 151
+1 151
+1 151
+1 151
+15 14
+1 14
+1 14
+1 14
+1 14
+1 14
+1 14
+1 14
+1 14
+2 14
+2 14
+13 14
+1 14
+23 14
+1 14
+31 14
+1 14
+2 14
+1 14

fl=(151) ./csu/../csu/libc-start.c
fn=(510) __libc_start_main@@GLIBC_2.34
242 12
343 3
+1 3
cfi=(152)
cfn=(512)
calls=1 69 
* 71
+25 6
+6 2
-3 2
+10 2
cob=(2)
cfi=(51)
cfn=(526) 0x00000000048746d0
calls=1 0 
* 836
+2 2
+8 4
cfi=(153)
cfn=(532)
calls=1 29 
* 5611935
128 2
+6 3
+1 6
cob=(2)
cfi=(51)
cfn=(516) 0x0000000000109000
calls=1 0 
* 7
* 1
+3 1
+1 2
+3 2
+1 2
-1 1
+2 7
+1 4
cob=(5)
cfi=(150) ???
cfn=(520) 0x0000000000001eb0
calls=1 0 
* 12
-1 4

fl=(187) ./debug/./debug/printf_chk.c
fn=(688) __printf_chk
25 264
+7 24
-4 48
+4 48
-4 24
+5 24
-1 24
+1 24
-5 24
+4 24
+1 24
-1 24
+1 24
cfi=(188)
cfn=(690)
calls=24 1180 
* 30010
+4 120

fl=(158) ./stdio-common/./stdio-common/isoc99_scanf.c
fn=(544) __isoc99_scanf
25 13
+4 1
+1 2
-1 2
+1 1
-1 1
+1 1
-1 1
+1 1
-1 1
+1 1
cfi=(159)
cfn=(546)
calls=1 278 
* 3666
+4 5

fl=(197)
fn=(740)
49 2
+5 1
-5 5
+5 8
+5 2
+5 3
-3 1
fi=(211) ./stdlib/../sysdeps/unix/sysv/linux/sigsetops.h
+43 1
fe=(197)
-40 1
cfi=(198)
cfn=(742)
calls=1 -40 
* 34
+4 3
+8 1
+1 8
+2 2
cfi=(200)
cfn=(746)
calls=1 -54 
* 36

ob=(5)
fl=(150)
fn=(508) (below main)
0 12
cob=(3)
cfi=(151)
cfn=(510)
calls=1 242 
0 5612932

fn=(520)
0 12

fl=(157)
fn=(670) check_ingred
1092 355
+3 71
-3 284
+6 71
-6 71
+2 71
-2 71
+2 71
-2 71
+2 142
+4 71
-3 142
+34 872
+39 418
+1 836
-70 465
-1 930
+1 1860
+2 988
+24 29
+1 70
-22 139
cob=(2)
cfi=(51)
cfn=(664) 0x0000000000109170
calls=27 0 
* 1005
* 54
+1 54
cob=(2)
cfi=(51)
cfn=(622) 0x00000000001091a0
calls=27 0 
* 3087
+1 27
+2 27
-2 27
+1 54
+1 54
+6 27
+2 54
+5 36
+1 57
+10 16
+2 8
+1 4
cob=(2)
cfi=(51)
cfn=(698) 0x0000000000109110
calls=4 0 
* 364
-1 2
+1 1
cob=(2)
cfi=(51)
cfn=(698)
calls=1 0 
* 91
-3 10
+6 16
+3 4
-3 4
+3 16
-3 2
+3 2
-3 2
+3 20
+4 6
-2 6
+2 18
cob=(2)
cfi=(51)
cfn=(664)
calls=6 0 
* 290
* 24
+29 47
-8 47
+8 329
-13 12
+1 12
+9 48
+3 24
-1 24
+1 168
-42 82
+6 123

fn=(672) insert_name_check
1283 75
+2 25
-2 75
+2 25
cob=(2)
cfi=(51)
cfn=(622)
calls=25 0 
* 1557
+1 25
+1 25
-1 25
+2 25
+1 125
+1 25
+1 25
+1 25
+9 100

fn=(680) decrease_ingr
1176 192
+2 24
+2 61
+7 32
+2 32
cob=(2)
cfi=(51)
cfn=(698)
calls=16 0 
* 1456
-9 32
+2 44
+1 110
+18 6
-1 6
+1 6
-1 12
+4 2
+3 2
+1 1
+2 1
cob=(2)
cfi=(51)
cfn=(698)
calls=1 0 
* 91
* 5
cob=(2)
cfi=(51)
cfn=(698)
calls=5 0 
* 455
-21 12
cob=(2)
cfi=(51)
cfn=(698)
calls=6 0 
* 546
-9 12
+11 24
+1 24
+1 24
+1 144
+7 10
+4 2

fn=(708) refill
886 108
+5 9
-5 138
+7 1244
+1 610
-1 610
fi=(178) /usr/include/x86_64-linux-gnu/bits/stdio.h
49 1220
cob=(2)
cfi=(51)
cfn=(614) 0x00000000001091d0
calls=610 -49 
* 12810
* 138
cob=(2)
cfi=(51)
cfn=(614)
calls=69 -49 
* 1449
fe=(157)
893 1358
+3 69
+2 69
+3 69
-3 69
cob=(2)
cfi=(51)
cfn=(624) 0x0000000000109140
calls=69 0 
* 1104
* 207
cob=(2)
cfi=(51)
cfn=(622)
calls=69 0 
* 9233
fi=(180) /usr/include/x86_64-linux-gnu/bits/string_fortified.h
79 207
fe=(157)
898 69
fi=(180)
79 69
cob=(2)
cfi=(51)
cfn=(630) 0x0000000000109190
calls=69 -79 
* 1078
fe=(157)
901 69
+1 1014
-1 1014
fi=(178)
49 2028
cob=(2)
cfi=(51)
cfn=(614)
calls=1014 -49 
* 21453
* 138
cob=(2)
cfi=(51)
cfn=(614)
calls=69 -49 
* 1449
fe=(157)
902 2166
-1 2166
+3 69
fi=(182) /usr/include/stdlib.h
364 207
fe=(157)
907 69
fi=(182)
364 69
cob=(2)
cfi=(51)
cfn=(640) 0x0000000000109180
calls=69 0 
* 6498
* 69
fe=(157)
907 1869
+1 297
-1 297
fi=(178)
49 594
cob=(2)
cfi=(51)
cfn=(614)
calls=297 -49 
* 6237
* 138
cob=(2)
cfi=(51)
cfn=(614)
calls=69 -49 
* 1449
fe=(157)
908 732
-1 792
+3 60
fi=(182)
364 240
cob=(2)
cfi=(51)
cfn=(640)
calls=60 0 
* 8547
fe=(157)
910 9
fi=(182)
364 36
cob=(2)
cfi=(51)
cfn=(640)
calls=9 0 
* 1048
fe=(157)
504 69
fi=(182)
364 138
fe=(157)
504 207
-2 138
+3 138
+1 69
-1 207
-1 207
+1 1082
+1 541
-1 1623
-1 1623
+4 552
915 69
+58 69
508 69
915 414
+20 72
+5 2
-5 6
+1 32
+42 18
+13 12
cob=(2)
cfi=(51)
cfn=(622)
calls=6 0 
* 846
+1 6
-1 6
+1 6
cob=(2)
cfi=(51)
cfn=(622)
calls=6 0 
* 1110
* 6
fi=(180)
79 12
fe=(157)
992 12
fi=(180)
79 6
cob=(2)
cfi=(51)
cfn=(630)
calls=6 -79 
* 96
fe=(157)
994 12
cob=(2)
cfi=(51)
cfn=(698)
calls=6 0 
* 546
+1 12
+9 12
-9 6
+1 6
+8 6
-7 6
+7 6
-8 6
+3 6
+1 6
-1 6
+2 12
+1 6
+2 6
cfn=(716) insert_update_im
calls=6 811 
* 342
+4 414
+1 7
891 234
1012 72
-95 106
cob=(2)
cfi=(51)
cfn=(622)
calls=53 0 
* 8289
+1 53
-1 53
+1 53
cob=(2)
cfi=(51)
cfn=(622)
calls=53 0 
* 9555
fi=(180)
79 106
fe=(157)
918 106
fi=(180)
79 53
cob=(2)
cfi=(51)
cfn=(630)
calls=53 -79 
* 828
fe=(157)
920 106
cob=(2)
cfi=(51)
cfn=(698)
calls=53 0 
* 4823
+1 53
+2 53
+3 53
-5 53
+1 53
+5 53
-5 53
+3 106
+62 265
cfn=(716)
calls=53 811 
* 14528
* 45
cfn=(716)
calls=9 811 
* 521
* 62
-96 27
+53 24
+1 3
cob=(2)
cfi=(51)
cfn=(664)
calls=1 0 
* 23
* 2
+10 2
+1 5
cfn=(716)
calls=1 811 
* 57
* 1
+4 27
cob=(2)
cfi=(51)
cfn=(622)
calls=9 0 
* 1125
+1 9
-1 9
+1 9
cob=(2)
cfi=(51)
cfn=(622)
calls=9 0 
* 1665
fi=(180)
79 18
fe=(157)
961 18
fi=(180)
79 9
cob=(2)
cfi=(51)
cfn=(630)
calls=9 -79 
* 141
fe=(157)
963 18
cob=(2)
cfi=(51)
cfn=(698)
calls=9 0 
* 819
+1 9
+4 9
-2 9
-2 9
+1 18
+3 9
+1 9
-1 9
+2 18
+1 9
+2 9
+5 12

fn=(706) delete_expired
784 99
+5 809679
+1 810384
-1 321
+20 54
-9 6
+6 51
-12 63
+6 36
+1 36
1201 18
+9 18
cob=(2)
cfi=(51)
cfn=(698)
calls=18 0 
* 1638
* 3
cob=(2)
cfi=(51)
cfn=(698)
calls=3 0 
* 273
+1 42
801 6
1207 6
+1 6
798 18
+4 18
1201 18
-1 18
+1 18
-1 36
802 3
1201 3
-1 3
+1 3
-1 6
+4 6
801 6

fn=(724) check_wo
1014 72
+3 9
-3 54
+6 18
-2 27
+38 84
+4 30
+27 189
-67 434
+1 234
+2 234
+2 936
+2 206
+3 1442
cob=(2)
cfi=(51)
cfn=(664)
calls=206 0 
* 4738
* 412
+2 824
+24 19
-10 19
+10 55
+8 68
-2 17
+2 17
cfn=(670)
calls=17 +28 
* 782
* 112
-2 28
+2 28
cfn=(670)
calls=28 +28 
* 6368
* 90
+11 78
+4 17
+5 17
-5 34
+1 17
-60 34
+70 72
-24 24
cfn=(682) remove_order
calls=6 592 
* 84
+3 24
cfn=(726) move_order
calls=6 526 
* 170
+3 12
+12 6
-12 6
cfn=(680)
calls=6 1176 
* 2177
* 6
+4 44
+8 22
-8 22
cfn=(672)
calls=22 1283 
* 1518
* 22

fn=(540)
91 945
+3 1
-3 3
+3 2
-1 2
+1 1
cob=(2)
cfi=(51)
cfn=(542) 0x00000000001091c0
calls=1 -94 
* 3698
* 2
+21 2
+3 2
-3 1
-14 1
+20 1
-19 1
+13 7
+3 1
-15 1
+15 2
-14 1
+14 1
cob=(2)
cfi=(51)
cfn=(610) 0x0000000000109160
calls=1 0 
* 240019
+1 6
cob=(2)
cfi=(51)
cfn=(610)
calls=1 0 
* 240019
+1 6
cob=(2)
cfi=(51)
cfn=(610)
calls=1 0 
* 240019
+1 4
cob=(2)
cfi=(51)
cfn=(610)
calls=1 0 
* 240019
-13 1
fi=(178)
-59 2
cob=(2)
cfi=(51)
cfn=(614)
calls=1 -49 
* 21
* 696
cob=(2)
cfi=(51)
cfn=(614)
calls=348 -49 
* 7529
* 349
fe=(157)
+75 349
+4 349
-4 698
+4 2084
+32 662
+6 348
+1 6666
+1 2947
-1 2947
fi=(178)
49 5894
cob=(2)
cfi=(51)
cfn=(614)
calls=2947 -49 
* 63099
* 696
cob=(2)
cfi=(51)
cfn=(614)
calls=348 -49 
* 7308
fe=(157)
167 6590
+1 310
+2 310
+2 1860
-2 38
+2 261
+53 2022
+42 984
+36 638
+84 696
174 380
+1 185
-1 185
fi=(178)
49 555
cob=(2)
cfi=(51)
cfn=(614)
calls=185 -49 
* 3885
* 33
cob=(2)
cfi=(51)
cfn=(614)
calls=11 -49 
* 231
fe=(157)
174 392
+4 22
504 44
-2 11
+3 22
+1 11
-1 33
-1 33
+1 348
+1 174
-1 522
-1 522
+4 99
184 55
+37 76
+6 27
+1 106
-1 106
fi=(178)
49 212
cob=(2)
cfi=(51)
cfn=(614)
calls=106 -49 
* 2226
* 18
cob=(2)
cfi=(51)
cfn=(614)
calls=9 -49 
* 189
fe=(157)
227 115
+1 115
-1 1150
+9 9
-6 9
+6 9
+11 18
-11 142
+5 250
-5 354
+1 260
cob=(2)
cfi=(51)
cfn=(664)
calls=65 0 
* 1755
* 386
cob=(2)
cfi=(51)
cfn=(664)
calls=64 0 
* 1696
* 128
fi=(183) /usr/include/x86_64-linux-gnu/bits/stdio2.h
112 6
cob=(2)
cfi=(51)
cfn=(648) 0x0000000000109130
calls=3 0 
* 459
* 3
fe=(157)
239 3
+2 6
+6 28
+5 10
-5 24
+1 24
cob=(2)
cfi=(51)
cfn=(664)
calls=6 0 
* 138
* 36
cob=(2)
cfi=(51)
cfn=(664)
calls=6 0 
* 138
* 24
+4 12
+5 18
+1 18
cfn=(678) check_recipe
calls=6 713 
* 1120
* 12
fi=(183)
112 2
cob=(2)
cfi=(51)
cfn=(648)
calls=1 0 
* 157
* 1
fe=(157)
+12 4
+5 51
+6 4
-2 4
+9 28
-5 72
+1 24
+4 72
-3 24
+3 24
cfn=(682)
calls=24 592 
* 304
+4 72
cfn=(684) insert_van
calls=24 674 
* 844
-9 48
+13 12
+1 24
fi=(183)
-39 168
cob=(2)
cfi=(51)
cfn=(686) 0x00000000001091b0
calls=24 0 
* 30778
fe=(157)
+41 48
+1 24
cob=(2)
cfi=(51)
cfn=(698)
calls=24 0 
* 2243
-4 48
+10 34
+3 184
-55 2
396 120000
+2 30
-1 60
+6 16
+3 16
+1 16
cob=(2)
cfi=(51)
cfn=(698)
calls=8 0 
* 875
-1 22
+1 22
cob=(2)
cfi=(51)
cfn=(698)
calls=11 0 
* 1211
+1 38
cob=(2)
cfi=(51)
cfn=(698)
calls=19 0 
* 2086
-4 38
+11 120000
+2 10
+1 10
-2 20
+33 120000
+1 4
+16 90000
+1 96
-75 89856
+93 1
+1 2
+2 54
+1 27
cob=(2)
cfi=(51)
cfn=(698)
calls=27 0 
* 3022
-3 54
+7 1
+1 2
+5 3
-48 4
cob=(2)
cfi=(51)
cfn=(698)
calls=2 0 
* 224
* 2
+17 48
-76 48
+76 48
cob=(2)
cfi=(51)
cfn=(698)
calls=48 0 
* 5292
-76 96
+6 22
cob=(2)
cfi=(51)
cfn=(698)
calls=22 0 
* 2464
+1 44
cob=(2)
cfi=(51)
cfn=(698)
calls=22 0 
* 2464
* 22
+19 10
+1 10
+2 20
+1 20
cob=(2)
cfi=(51)
cfn=(698)
calls=10 0 
* 1099
-1 380
+1 380
cob=(2)
cfi=(51)
cfn=(698)
calls=190 0 
* 21194
+1 400
cob=(2)
cfi=(51)
cfn=(698)
calls=200 0 
* 22377
-4 400
+6 20
cob=(2)
cfi=(51)
cfn=(698)
calls=10 0 
* 1120
+1 20
cob=(2)
cfi=(51)
cfn=(698)
calls=10 0 
* 1120
* 10
fi=(178)
49 158
cob=(2)
cfi=(51)
cfn=(614)
calls=79 -49 
* 1659
fe=(157)
161 158
+55 44
cfn=(620) insert_new_rec
calls=11 651 
* 330066
fi=(183)
112 22
cob=(2)
cfi=(51)
cfn=(648)
calls=11 0 
* 2132
* 11
fe=(157)
267 36
+3 45
cfn=(706)
calls=9 784 
* 1622895
+4 54
cfn=(708)
calls=9 886 
* 148121
fi=(183)
112 18
cob=(2)
cfi=(51)
cfn=(648)
calls=9 0 
* 1395
fe=(157)
278 18
+1 810000
+1 46
+13 23
-15 810000
+21 81
cfn=(724)
calls=9 1014 
* 21952
* 27
+4 450
+2 2670
+1 1302
-1 1302
fi=(178)
49 3906
cob=(2)
cfi=(51)
cfn=(614)
calls=1302 -49 
* 27342
* 270
cob=(2)
cfi=(51)
cfn=(614)
calls=90 -49 
* 1890
fe=(157)
305 2784
+3 90
504 360
-2 90
+3 180
+1 90
-1 270
-1 270
+1 2424
+1 1212
-1 3636
-1 3636
+4 810
315 462
fi=(183)
112 78
cob=(2)
cfi=(51)
cfn=(648)
calls=39 0 
* 6045
fi=(178)
-63 276
cob=(2)
cfi=(51)
cfn=(614)
calls=138 -49 
* 2898
fe=(157)
383 325
fi=(183)
112 26
cob=(2)
cfi=(51)
cfn=(648)
calls=13 0 
* 1989
* 23
cob=(2)
cfi=(51)
cfn=(648)
calls=5 0 
* 775
* 5
fe=(157)
281 46
cob=(2)
cfi=(51)
cfn=(698)
calls=23 0 
* 2093
* 23
-88 66
337 51
+11 102
+1 168
-1 168
fi=(178)
49 336
cob=(2)
cfi=(51)
cfn=(614)
calls=168 -49 
* 3528
* 102
cob=(2)
cfi=(51)
cfn=(614)
calls=51 -49 
* 1071
fe=(157)
349 219
-1 759
+3 51
fi=(182)
+13 204
cob=(2)
cfi=(51)
cfn=(640)
calls=51 0 
* 5633
fe=(157)
-8 51
-1 51
fi=(182)
+9 51
fe=(157)
-8 51
+2 51
+1 51
+1 102
-2 1390
+1 1390
+1 2780
+3 153
cob=(2)
cfi=(51)
cfn=(622)
calls=51 0 
* 7365
+7 51
+1 51
+5 51
-10 51
+4 51
+1 51
+1 51
-8 51
+6 51
+6 51
-11 51
+2 51
+1 51
+1 51
+7 561
cfn=(668) check_ro
calls=51 1213 
* 12757
fi=(183)
112 153
cob=(2)
cfi=(51)
cfn=(648)
calls=51 0 
* 7905
* 51
fe=(157)
315 153
cob=(2)
cfi=(51)
cfn=(664)
calls=51 0 
* 1281
* 102
+8 51
+1 153
499 1
cob=(2)
cfi=(51)
cfn=(728) 0x0000000000109150
calls=1 0 
* 492

fn=(668)
1213 918
+3 51
-3 51
+5 51
-5 51
+5 153
+2 30
+3 210
cob=(2)
cfi=(51)
cfn=(664)
calls=30 0 
* 690
* 60
+2 90
+49 75
+1 1
+1 2
512 75
+7 50
+1 25
+1 25
-1 25
+2 25
1281 221
-30 105
cfn=(670)
calls=21 1092 
* 6463
* 25
cfn=(670)
calls=5 1092 
* 870
* 52
512 24
+7 14
+1 7
+1 7
-1 7
+2 7
1263 16
+4 10
+14 40
512 54
+7 42
+1 14
+1 14
-1 14
+2 14
1257 14
+24 14
-24 14
+24 84
-24 14
cfn=(680)
calls=14 -81 
* 1004
* 4
+24 4
-24 4
+24 24
-24 4
cfn=(680)
calls=4 -81 
* 187
-17 10
+24 3
+17 3
-17 3
+17 18
-17 3
cfn=(672)
calls=3 +19 
* 639
513 4
+1 8
+1 4
+1 8
-3 1
+1 1
+1 1
+1 2

fn=(678)
713 60
504 18
-2 12
+3 12
+1 6
-1 18
-1 18
+1 96
+1 48
-1 144
-1 144
+4 48
718 12
+63 6
-63 14
+64 54
-64 3
cob=(2)
cfi=(51)
cfn=(664)
calls=1 0 
* 23
* 2
+8 1
+1 2
+23 2
+1 2
+10 1
+18 1
-5 2
cob=(2)
cfi=(51)
cfn=(698)
calls=1 0 
* 91
+1 2
cob=(2)
cfi=(51)
cfn=(698)
calls=1 0 
* 91
+1 2
cob=(2)
cfi=(51)
cfn=(698)
calls=1 0 
* 91
+1 2
cob=(2)
cfi=(51)
cfn=(698)
calls=1 0 
* 91
+2 1

fn=(716)
811 138
+2 69
-2 207
+2 69
-2 276
+2 69
-2 69
+2 138
+11 84
cob=(2)
cfi=(51)
cfn=(664)
calls=21 0 
* 491
* 21
-1 42
+25 42
+36 168
-59 42
-11 96
cob=(2)
cfi=(51)
cfn=(622)
calls=48 0 
* 8064
+1 48
-1 48
+1 96
cob=(2)
cfi=(51)
cfn=(624)
calls=48 0 
* 772
* 96
cob=(2)
cfi=(51)
cfn=(622)
calls=48 0 
* 2044
fi=(180)
79 48
fe=(157)
815 96
fi=(180)
79 48
cob=(2)
cfi=(51)
cfn=(720) 0x0000000000109120
calls=48 -79 
* 1443
fe=(157)
817 48
+1 48
+1 48
-2 48
+4 48
+63 384

fn=(634) save_ingr_rec
614 44
508 11
614 521
+6 3870
+1 1917
-1 1917
fi=(178)
49 3834
cob=(2)
cfi=(51)
cfn=(614)
calls=1917 -49 
* 40257
* 444
cob=(2)
cfi=(51)
cfn=(614)
calls=222 -49 
* 4662
fe=(157)
620 4278
+3 222
+3 444
cob=(2)
cfi=(51)
cfn=(622)
calls=222 0 
* 41526
+1 222
-1 222
+1 222
cob=(2)
cfi=(51)
cfn=(624)
calls=222 0 
* 3552
* 666
cob=(2)
cfi=(51)
cfn=(622)
calls=222 0 
* 40686
fi=(180)
79 666
fe=(157)
627 222
fi=(180)
79 222
cob=(2)
cfi=(51)
cfn=(630)
calls=222 -79 
* 3632
* 222
fe=(157)
504 666
-2 442
+3 442
+1 221
-1 663
-1 663
+1 3392
+1 1696
-1 5088
-1 5088
+4 1768
629 221
+2 663
-2 1
+2 3
+6 422
+1 211
+1 422
+1 422
502 444
643 19804
+1 3297
-1 3297
fi=(178)
49 6594
cob=(2)
cfi=(51)
cfn=(614)
calls=3297 -49 
* 69237
* 444
cob=(2)
cfi=(51)
cfn=(614)
calls=222 -49 
* 4821
* 3519
fe=(157)
644 7038
-1 7038
+3 211
fi=(182)
364 844
cob=(2)
cfi=(51)
cfn=(640)
calls=211 0 
* 20429
* 211
fe=(157)
619 211
+27 11
fi=(182)
364 33
fe=(157)
619 11
fi=(182)
364 11
cob=(2)
cfi=(51)
cfn=(640)
calls=11 0 
* 1174
* 11
fe=(157)
619 55
+30 88
-17 11
+1 11
+1 22

fn=(620)
651 33
+2 11
-2 66
+2 11
cob=(2)
cfi=(51)
cfn=(622)
calls=11 0 
* 1791
+3 11
-1 11
-2 11
+6 11
-5 11
+2 11
cob=(2)
cfi=(51)
cfn=(624)
calls=11 0 
* 176
* 33
cob=(2)
cfi=(51)
cfn=(622)
calls=11 0 
* 1647
fi=(180)
79 22
fe=(157)
656 22
fi=(180)
79 11
cob=(2)
cfi=(51)
cfn=(630)
calls=11 -79 
* 149
fe=(157)
659 44
+12 22
+1 55
-1 11
cfn=(634)
calls=11 -57 
* 325852
-11 11
+1 11
+1 22

fn=(684)
674 24
+1 72
+7 40
-1 66
+1 208
+2 17
+1 17
+1 17
+25 17
-22 17
+8 6
+7 1
+1 1
+1 1
+1 1
+4 1
-35 4
+1 4
+1 8
+12 310
+8 2
+1 2
+1 2
-1 2
+2 4

fn=(726)
526 6
+2 18
+7 6
+16 12
-16 12
+16 14
+6 5
-6 10
+1 24
+8 3
+1 2
+1 1
+1 1
+1 1
+1 2
-5 10
+15 15
+7 3
+1 3
+1 6
+1 3
+5 3
-14 2
+1 2
+1 2
+1 4

fn=(682)
592 30
+2 60
+1 90
+4 52
+4 50
+5 10
+1 5
+3 5
-17 10
+1 4
+1 8
+3 2
+1 2
+3 20
+1 40

ob=(2)
fl=(51)
fn=(478) 0x000000000483f000
0 6
cob=(4)
cfi=(145)
cfn=(482)
calls=1 0 
0 12
0 1
cob=(4)
cfi=(145)
cfn=(490)
calls=1 0 
0 5
0 2

fn=(622)
0 1740
cob=(3)
cfi=(166)
cfn=(568)
calls=870 3287 
0 137850

fn=(686)
0 48
cob=(3)
cfi=(187)
cfn=(688)
calls=24 25 
0 30730

fn=(164) 0x0000000004002050
0 6
cob=(1) /usr/lib/x86_64-linux-gnu/ld-linux-x86-64.so.2
cfi=(52) ./elf/./elf/dl-error-skeleton.c
cfn=(166) _dl_catch_exception
calls=3 175 
0 9481

fn=(698)
0 1504
cob=(3)
cfi=(166)
cfn=(700)
calls=752 3352 
0 78846

fn=(516)
0 7

fn=(648)
0 264
cob=(3)
cfi=(184)
cfn=(650)
calls=132 33 
0 20593

fn=(652)
0 314
cob=(3)
cfi=(179)
cfn=(626)
calls=157 50 
0 2198

fn=(692)
0 196
cob=(3)
cfi=(189)
cfn=(694)
calls=98 51 
0 1862

fn=(450)
0 38
cob=(1)
cfi=(10) ./elf/./elf/dl-tunables.c
cfn=(24) __tunable_get_val
calls=19 405 
0 391
cob=(1)
cfi=(141) ./elf/../sysdeps/x86_64/dl-trampoline.h
cfn=(456) _dl_runtime_resolve_xsave
calls=1 67 
0 813
0 5

fn=(500)
0 2
cob=(3)
cfi=(148)
cfn=(502)
calls=1 46 
0 46

fn=(526)
0 2
cob=(1)
cfi=(49) ./elf/./elf/dl-audit.c
cfn=(530) _dl_audit_preinit
calls=1 117 
0 5
cob=(1)
cfi=(141)
cfn=(456)
calls=1 67 
0 824
0 5

fn=(542)
0 2
cob=(3)
cfi=(158)
cfn=(544)
calls=1 25 
0 3696

fn=(614)
0 27138
cob=(3)
cfi=(177)
cfn=(616)
calls=13569 34 
0 259562

fn=(640)
0 822
cob=(3)
cfi=(173)
cfn=(642)
calls=411 105 
0 42507

fn=(674)
0 556
cob=(3)
cfi=(181)
cfn=(676)
calls=278 294 
0 4512

fn=(720)
0 96
cob=(3)
cfi=(191)
cfn=(722)
calls=48 53 
0 1347

fn=(160) 0x0000000004002080
0 2
cob=(1)
cfi=(52)
cfn=(162) _dl_catch_error
calls=1 225 
0 2782

fn=(566)
0 4
cob=(3)
cfi=(166)
cfn=(568)
calls=2 3287 
0 1987

fn=(624)
0 700
cob=(3)
cfi=(179)
cfn=(626)
calls=350 50 
0 4904

fn=(664)
0 968
cob=(3)
cfi=(186)
cfn=(666)
calls=484 83 
0 11300

fn=(728)
0 2
cob=(3)
cfi=(192)
cfn=(730)
calls=1 23 
0 490

fn=(610)
0 8
cob=(3)
cfi=(176)
cfn=(612)
calls=4 181 
0 960068

fn=(630)
0 740
cob=(3)
cfi=(181)
cfn=(632)
calls=370 307 
0 5184

ob=(1)
fl=(64) ./io/../sysdeps/unix/sysv/linux/close_nocancel.c
fn=(204) __GI___close_nocancel
25 3
+1 12
+1 3

fl=(49)
fn=(466) _dl_audit_activity_nsid
40 2
+4 1
-4 1
+4 1
-4 1
+4 1
-4 2
+4 1
+1 1
+1 4
+4 6

fn=(206) _dl_audit_objopen
76 2
+1 8

fn=(154) _dl_audit_activity_map
28 6
+2 1
-1 1
+1 2
+6 6

fn=(530)
117 1
+1 4

fl=(24) ./elf/../sysdeps/nptl/dl-tls_init_tp.c
fn=(84) rtld_mutex_dummy
42 8
+2 16

fn=(266) __tls_init_tp
68 2
fi=(212) ./elf/../include/list.h
-24 1
fe=(24)
+24 1
fi=(212)
-25 1
fe=(24)
+26 1
+3 1
fi=(212)
-29 1
+1 1
+1 1
+2 1
fe=(24)
+28 4
+1 2
+1 1
+5 2
+5 1
+6 1
-3 1
+3 1
-6 3
+6 1
+13 3
fi=(76) ./elf/../sysdeps/unix/sysv/linux/rseq-internal.h
-72 1
fe=(24)
+72 1
cfi=(10)
cfn=(24)
calls=1 405 
* 20
fi=(76)
-74 3
+2 6
+3 2
+3 1
fe=(24)
+83 3
+7 2
+2 1
+1 1
+1 3

fn=(66) __tls_pre_init_tp
53 3
+3 8
+5 1
-5 1
+5 1
+1 1
-6 1
+8 1

fl=(7) ./elf/./elf/dl-minimal.c
fn=(424) __rtld_malloc_init_real
76 2
+10 1
fi=(131) ./elf/../sysdeps/generic/dl-hash.h
-41 1
fe=(7)
+31 1
fi=(131)
-32 1
fe=(7)
+32 5
+11 1
-1 1
fi=(131)
-43 1
+5 3
+14 4
-17 3
+3 15
+14 20
-17 15
fe=(7)
+46 2
fi=(131)
-24 1
fe=(7)
+22 1
+2 2
fi=(131)
-19 1
fe=(7)
+19 1
cfn=(428) lookup_malloc_symbol
calls=1 -30 
* 575
+1 3
-1 1
+1 1
cfn=(428)
calls=1 -31 
* 575
+1 3
-1 1
+1 1
cfn=(428)
calls=1 -32 
* 561
+1 3
-1 1
+1 1
cfn=(428)
calls=1 -33 
* 553
+5 1
+1 1
+1 1
+1 1
+1 7

fn=(136) strsep
239 2
+3 4
+2 2
+1 4
+4 33
+7 84
-2 56
+13 1
+4 4
-22 14
+15 14
-15 30

fn=(428)
61 8
+3 4
-3 16
+3 4
-3 4
+3 8
-1 4
+1 12
cfi=(79) ./elf/./elf/dl-lookup.c
cfn=(280) _dl_lookup_symbol_x
calls=4 840 
* 2104
+4 28
+1 28
+2 4
fi=(132) ./elf/./dl-sym-post.h
-30 8
+12 12
fe=(7)
+19 20

fn=(12) __rtld_malloc_init_stubs
42 1
+1 2
+1 2
+1 2
+1 2
+1 1

fl=(71) ./io/../sysdeps/unix/sysv/linux/pread64_nocancel.c
fn=(232) __pread64_nocancel
25 8
+1 16
+1 4

fl=(36) ./posix/../sysdeps/unix/syscall-template.S
fn=(102) uname
120 5
+2 1

fl=(32) ./string/../sysdeps/x86_64/strcmp.S
fn=(90) strcmp
108 183
+33 183
+1 183
+2 183
+1 183
+21 183
+1 183
+1 157
+1 157
+1 140
+1 140
+1 140
+1 140
+21 140
+1 140
+1 140
+1 140
+1 140
+1 140
+1 140
+5 5
+1 15
+9 5
+1 5
+1 5
+1 5
+1 5
+1 5
+1 5
+1 5
-7 43
+1 43
+1 43
+1 43
+1 43
+1 43
+1 43
+1 43
+1 44
+1 29
+1 29
+1 29
+2 29
+1 29
+1 29
+1 29
+1 29
+1 29
-5 15
+1 15
+1 15
+1 15
+1 15
+1 15
+10 4
+1 4
+1 4
+2 4
+6 4
+1 4
+1 4
+1 4
+1 4
+5 4
+2 3
+1 3
+1 6
+8 3
+1 3
+3 3
+1 3
+1 3
+1 3
+1 3
+1 3
943 3
+1 3
+1 3
+1 3
+1 3
+2 3
+1 3
+1 3
+1 3
+1 3
+1 3
+1 3
+1 2
+4 2
+1 2
+1 2
+6 2
+1 2
+1 4
+4 2
+1 2
+3 2
+1 2
+1 2
+3 2
+1 2
+1 2
+6 2
+1 2
+1 2
+1 2
+1 2
+1 2
+72 5
+1 5
+1 5
+1 5
+1 5
+2 5
+1 5
+1 5
+1 5
+1 5
+1 5
+1 5
+1 1
+4 1
+1 1
+1 1
+6 1
+1 1
+1 2
+4 1
+1 1
+3 1
+1 1
+1 1
+3 1
+1 1
+1 1
+6 1
+1 1
+1 1
+1 1
+1 1
+1 1
+7 1
+1 1
+2 1
+1 1
+2 1
+1 1
+1 1
+3 1
+1 1
+1 1
+6 1
+1 1
+1 1
+1 1
+1 1
+1 1
+41 3
+1 3
+1 3
+1 3
+1 3
+2 3
+1 3
+1 3
+1 3
+1 3
+1 3
+1 3
+1 1
+4 1
+1 1
+1 1
+6 1
+1 1
+1 2
+4 1
+1 1
+3 1
+1 1
+1 1
+3 1
+1 1
+1 1
+6 1
+1 1
+1 1
+1 1
+1 1
+1 1
+72 2
+1 2
+1 2
+1 2
+1 2
+2 2
+1 2
+1 2
+1 2
+1 2
+1 2
+1 2
+1 2
+4 2
+1 2
+1 2
+6 2
+1 2
+1 4
+4 2
+1 2
+3 2
+1 2
+1 2
+3 2
+1 2
+1 2
+6 2
+1 2
+1 2
+1 2
+1 2
+1 2
+72 2
+1 2
+1 2
+1 2
+1 2
+2 2
+1 2
+1 2
+1 2
+1 2
+1 2
+1 2
+1 2
+4 2
+1 2
+1 2
+6 2
+1 2
+1 4
+4 2
+1 2
+3 2
+1 2
+1 2
+3 2
+1 2
+1 2
+6 2
+1 2
+1 2
+1 2
+1 2
+1 2
+72 4
+1 4
+1 4
+1 4
+1 4
+2 4
+1 4
+1 4
+1 4
+1 4
+1 4
+1 4
+1 2
+4 2
+1 2
+1 2
+6 2
+1 2
+1 4
+4 2
+1 2
+3 2
+1 2
+1 2
+3 2
+1 2
+1 2
+6 2
+1 2
+1 2
+1 2
+1 2
+1 2
+72 3
+1 3
+1 3
+1 3
+1 3
+2 3
+1 3
+1 3
+1 3
+1 3
+1 3
+1 3
+1 2
+4 2
+1 2
+1 2
+6 2
+1 2
+1 4
+4 2
+1 2
+3 2
+1 2
+1 2
+3 2
+1 2
+1 2
+6 2
+1 2
+1 2
+1 2
+1 2
+1 2
+72 1
+1 1
+1 1
+1 1
+1 1
+2 1
+1 1
+1 1
+1 1
+1 1
+1 1
+1 1
1943 3
+1 3
+1 3
+1 3
+1 3
+2 3
+1 3
+1 3
+1 3
+1 3
+1 3
+1 3
+1 2
+4 2
+1 2
+1 2
+6 2
+1 2
+1 4
+4 2
+1 2
+3 2
+1 2
+1 2
+3 2
+1 2
+1 2
+6 2
+1 2
+1 2
+1 2
+1 2
+1 2
+72 18
+1 18
+1 18
+1 18
+1 18
+2 18
+1 18
+1 18
+1 18
+1 18
+1 18
+1 18
+2 6
+4 6
+1 6
+1 6
+6 6
+1 6
+2 12
+4 6
+1 6
+3 6
+1 6
+1 6
+3 6
+1 6
+1 6
+6 6
+1 6
+1 6
+1 6
+1 6
+1 6
+74 23
+2 23
+1 23
+1 23
+1 23
-3 25
+1 25
+1 25
+1 25
+1 58
+5 29
+6 29
+1 29
+8 29
+1 29
-16 154
+6 154
+1 154
+8 154
+1 154

fl=(72) ./misc/../sysdeps/unix/syscall-template.S
fn=(236) mprotect
117 25
+5 5

fn=(470) munmap
117 5
+5 1

fl=(47) ./elf/../elf/dl-tls.c
fn=(264) _dl_allocate_tls_storage
422 2
+13 1
-13 2
+2 1
+12 1
fi=(28) ./elf/../include/rtld-malloc.h
56 1
cfi=(27) ./elf/./elf/dl-minimal-malloc.c
cfn=(76) __minimal_malloc
calls=1 -21 
* 53
fe=(47)
437 3
+8 2
fi=(28)
44 1
fe=(47)
445 2
+1 1
+4 321
+19 1
-99 1
+4 1
+1 1
fi=(28)
44 1
cfi=(27)
cfn=(72) __minimal_calloc
calls=1 +34 
* 36
fe=(47)
376 2
+3 1
+6 2
+90 5

fn=(148) _dl_count_modids
197 1
+2 2
+1 1
+15 2

fn=(412) _dl_add_to_slotinfo
1015 8
+6 1
+3 1
+1 1
+4 3
+34 2
+3 3
+1 3
+3 6

fn=(262) _dl_determine_tlsoffset
221 8
+6 3
+3 2
+36 3
+2 1
-2 1
-2 1
-40 1
-1 1
-1 1
+46 2
+23 3
+3 1
-3 4
+2 2
-2 1
-25 1
+20 1
-20 5
+2 2
+3 1
-1 1
+5 2
-5 1
+1 1
-1 1
+3 2
+2 3
+32 3
-1 1
+1 4
+2 2
-2 2
+53 8

fn=(238) _dl_assign_tls_modid
131 2
+3 1
+13 1
-13 1
+52 1
+2 1
+3 1
+1 2

fn=(260) _dl_tls_static_surplus_init
97 2
+4 1
-4 2
+4 1
-4 2
+4 3
cfi=(10)
cfn=(24)
calls=1 405 
* 21
* 1
+1 4
cfi=(10)
cfn=(24)
calls=1 405 
* 21
* 1
+8 1
-8 1
+6 2
+2 3
+3 1
+2 1
-32 3
+34 3
+1 5

fn=(414) _dl_allocate_tls_init
528 10
+1 2
+4 1
+6 1
-6 1
+6 1
cfi=(24)
cfn=(84)
calls=1 42 
* 3
+3 3
+12 1
-18 1
-1 1
+43 3
-19 13
+9 3
+1 2
+6 3
+1 1
+2 2
-2 1
+6 1
-4 2
+4 1
-4 2
+3 2
+4 2
+1 4
+2 2
+1 2
+17 1
-8 1
+8 1
+2 3
cfi=(29) ./string/../sysdeps/x86_64/multiarch/memmove-vec-unaligned-erms.S
cfn=(128) mempcpy
calls=1 199 
* 13
* 5
cfi=(44) ./string/../sysdeps/x86_64/multiarch/memset-vec-unaligned-erms.S
cfn=(132) memset
calls=1 125 
* 25
-49 1
+55 1
-55 4
+6 4
+55 2
cfi=(24)
cfn=(84)
calls=1 42 
* 3
+3 2
+3 9

fl=(31) ./elf/./elf/dl-load.c
fn=(172) _dl_map_object
2022 30
+8 6
+1 12
+3 42
+5 49
+2 21
cfi=(54) ./elf/./elf/dl-misc.c
cfn=(174) _dl_name_match_p
calls=7 68 
* 815
* 14
+4 12
+1 18
+4 2
-1 10
+1 2
+1 2
-1 2
+1 2
cfi=(32)
cfn=(90)
calls=2 108 
* 91
* 4
2329 27
2068 2
+1 2
-1 2
+1 2
-1 2
+1 2
-1 4
-44 2
+53 6
+17 4
-2 2
+2 2
cfi=(42) ./string/../sysdeps/x86_64/multiarch/../strchr.S
cfn=(118) index
calls=2 23 
* 48
* 4
2260 2
-1 3
cfn=(138) expand_dynamic_string_token
calls=1 385 
* 168
+2 1
-3 1
+1 1
+2 2
+4 5
cfn=(176) open_verify.constprop.1
calls=1 1568 
* 283
+3 2
-3 1
+3 1
+12 4
+46 1
+1 3
-1 1
+1 9
cfn=(184) _dl_map_object_from_fd
calls=1 944 
* 1819
-1 1
+1 3
-1 1
+1 9
cfn=(184)
calls=1 944 
* 2221
* 6
2098 2
cfi=(22) ./string/../sysdeps/x86_64/multiarch/strlen-vec.S
cfn=(60) strlen
calls=1 41 
* 17
* 2
+2 2
+7 4
+51 11
cfn=(216) open_path
calls=1 1870 
* 1656
+6 1
-6 1
+6 4
682 1
2165 1
682 2
2252 2
+28 4
+2 4
2111 1
696 3
2111 1
+1 1
696 2
2116 3
682 1
2117 1
682 2
2173 1
+14 2
+2 3
+4 2
cfi=(68) ./elf/./elf/dl-cache.c
cfn=(222) _dl_load_cache_lookup
calls=1 416 
* 1281
* 1
+2 2
+4 2
+8 3
+23 6
cfn=(218) open_verify.constprop.0
calls=1 1568 
* 396
+4 2
-4 1
+4 1
+1 2
2131 5
+1 10
682 1
2133 1
682 2
2157 3
+1 2
-16 2

fn=(138)
385 14
241 2
385 2
241 2
385 2
241 2
cfi=(42)
cfn=(118)
calls=2 23 
* 72
+3 4
410 2
-11 2
+11 12
-11 2
cfi=(45) ./string/./string/strdup.c
cfn=(140) strdup
calls=2 40 
* 168

fn=(134) fillin_rpath.isra.0
468 7
+4 1
-4 8
+6 3
cfi=(7)
cfn=(136)
calls=1 239 
* 240
* 3
cfi=(7)
cfn=(136)
calls=1 239 
* 8
* 6
+7 2
+2 3
cfn=(138)
calls=1 -98 
* 118
* 1
+4 2
+5 2
cfi=(22)
cfn=(60)
calls=1 41 
* 17
* 1
+1 2
+7 5
+9 15
+1 8
+55 2
fi=(28)
50 2
cfi=(27)
cfn=(144) __minimal_free
calls=1 +45 
* 5
+1 1
fe=(31)
528 2
+4 3
fi=(28)
56 1
cfi=(27)
cfn=(76)
calls=1 -21 
* 25
* 1
fe=(31)
534 2
+5 1
+1 2
-1 1
-1 1
+2 1
cfi=(29)
cfn=(128)
calls=1 199 
* 13
+3 1
-3 1
+1 1
+2 1
+6 1
+1 1
-1 3
+1 11
+1 1
-1 1
+1 2
-1 2
+1 1
-1 1
+1 2
-1 6
+1 1
-1 1
+1 1
-1 3
+1 1
-1 2
+3 1
+1 1
-1 1
+1 2
+1 1
+6 2
+1 2
-57 4
+66 1
+3 8
-46 4

fn=(88) _dl_process_pt_gnu_property
868 3
+8 3
-8 3
+8 3
-6 3
+12 6
-13 3
+13 3
-13 3
+13 6
+3 9
+1 6
+1 6
+43 3

fn=(176)
1568 11
+39 3
+19 4
cfi=(55) ./io/../sysdeps/unix/sysv/linux/open64_nocancel.c
cfn=(178) __open_nocancel
calls=1 28 
* 19
* 1
+2 2
+11 1
+6 2
-5 1
+5 8
cfi=(56) ./io/../sysdeps/unix/sysv/linux/read_nocancel.c
cfn=(180) __read_nocancel
calls=1 25 
* 6
+2 2
+2 2
+2 2
+6 2
+17 11
fi=(28)
50 2
cfi=(27)
cfn=(144)
calls=1 +45 
* 5
fe=(31)
1856 9
1674 3
+74 2
+5 2
+2 4
+6 2
+6 1
+1 1
-1 3
+1 1
-1 1
+1 2
+1 2
+20 3
+31 1
-31 1
1633 1
1820 2
-31 66
+1 28
+1 8
+4 8
+25 12
+3 18
+3 2
-4 2
+4 4
+6 4
-36 6

fn=(184)
944 20
+10 2
-10 8
+10 2
cfi=(46) ./elf/./elf/dl-debug.c
cfn=(186) _dl_debug_update
calls=2 38 
* 14
* 2
+7 8
+85 8
+10 4
+7 14
cfi=(26) ./elf/./elf/dl-object.c
cfn=(70) _dl_new_object
calls=2 59 
* 766
* 2
+1 4
+11 4
+5 2
-5 2
+1 4
+1 2
+2 2
-2 2
+2 4
+1 6
+1 2
+19 2
-2 1
+2 12
-2 1
+2 30
+10 8
+85 2
-58 2
-34 2
-1 2
+93 2
+6 2
-64 4
+9 2
+55 4
-55 2
-42 2
+97 4
1101 2
-5 4
+15 60
+20 2
+1 1
-22 69
+1 127
1213 4
1110 2
1213 4
1110 6
1218 6
+10 4
+1 2
-1 2
+1 2
-1 6
+1 6
-1 6
+1 6
-1 18
1076 4
1235 4
+10 8
+7 4
fi=(61) ./elf/./dl-map-segments.h
96 2
fe=(31)
1252 6
fi=(61)
28 2
fe=(31)
1252 2
fi=(61)
96 2
fe=(31)
1252 2
fi=(61)
28 4
+1 16
cfi=(60) ./misc/../sysdeps/unix/sysv/linux/mmap64.c
cfn=(194) mmap
calls=2 +18 
* 18
+74 4
-1 2
-73 2
+74 2
+3 4
+1 2
+2 2
-3 2
+1 2
+2 2
+7 8
+3 4
cfi=(72)
cfn=(236)
calls=1 -2 
* 6
* 3
+7 2
+2 2
fi=(62) ./elf/./dl-load.h
-37 16
+1 6
+2 16
fi=(61)
+56 32
+8 2
-2 2
+1 2
+2 2
-1 2
+1 2
-1 6
+8 4
+3 4
+8 14
cfi=(44)
cfn=(132)
calls=2 -52 
* 237
+1 4
+5 4
+12 8
-59 40
+2 12
+3 6
-3 12
+2 48
cfi=(60)
cfn=(194)
calls=6 -93 
* 54
* 18
fi=(57) ./elf/../sysdeps/posix/dl-fileid.h
37 6
cfi=(58) ./io/../sysdeps/unix/sysv/linux/fstat64.c
cfn=(190) fstat
calls=2 -8 
* 30
* 4
fe=(31)
999 4
fi=(57)
40 6
fe=(31)
999 2
fi=(57)
40 2
fe=(31)
999 23
+1 10
fi=(57)
49 12
fe=(31)
1515 18
1018 4
+66 13
+1 2
-1 1
+1 1
-1 1
+1 1
cfi=(71)
cfn=(232)
calls=1 25 
* 7
* 2
+26 26
+26 48
+10 8
-1 8
-1 8
+2 8
+2 8
-2 8
-1 48
+2 16
+1 8
+2 8
-3 8
+3 48
+2 16
+4 16
+1 30
+4 6
+1 6
-1 6
+1 42
-18 6
+28 6
-11 2
+1 2
-1 2
+1 14
-18 2
+28 2
-56 4
+7 2
+2 2
-2 2
+1 2
+1 2
-1 4
+1 16
+50 3
+5 1
-1 2
+5 1
-5 2
-56 1
+61 4
+1 1
+3 1
-3 1
+8 4
+15 4
+1 2
+58 8
+1 6
fi=(63) ./elf/./elf/get-dynamic-info.h
39 4
+6 2
-2 2
+2 4
+9 2
+5 2
+3 2
+2 2
-3 2
-3 2
-3 28
+13 8
-23 32
+23 29
-23 116
+4 74
+5 40
+2 10
+3 8
+13 8
+10 7
+1 8
+1 8
+1 8
+2 8
+5 7
+1 7
+1 8
+3 6
+5 2
+7 4
+1 6
+22 6
+5 2
+2 2
+2 2
+2 2
+4 6
+2 3
+1 2
+9 2
+6 2
+4 4
fe=(31)
1275 4
+1 4
+2 4
+10 6
+19 6
+2 10
+52 6
+1 2
+6 16
+1 42
+6 8
cfn=(88)
calls=2 868 
* 40
-7 54
+1 25
+6 25
-6 50
fi=(30) ./elf/../sysdeps/x86/dl-prop.h
95 16
213 2
-1 4
105 4
212 2
105 2
-2 2
-3 2
+2 2
+3 2
-4 4
+92 8
-1 2
-87 6
+3 6
+1 4
+1 4
+4 6
+4 6
+3 6
+1 4
+4 2
+1 8
+58 6
+2 8
-56 6
+1 3
+3 6
+3 3
+1 12
+5 6
+2 6
+5 6
+14 3
-1 6
+2 2
-1 4
fe=(31)
1380 4
cfi=(64)
cfn=(204)
calls=2 25 
* 12
* 4
+13 4
+2 8
+2 4
+16 4
cfi=(8) ./elf/./elf/dl-setup_hash.c
cfn=(14) _dl_setup_hash
calls=2 25 
* 58
+4 4
+1 4
+17 4
+1 1
+3 1
+5 1
-5 1
+5 1
-5 1
+5 1
-5 1
+5 1
+10 4
+7 12
+10 4
+1 4
+5 2
cfi=(47)
cfn=(238)
calls=1 131 
* 10
+7 6
cfi=(26)
cfn=(82) _dl_add_to_namespace_list
calls=2 31 
* 94
+3 8
+23 14
+1 6
cfi=(49)
cfn=(206)
calls=2 76 
* 10
* 2
fi=(62)
95 5
+2 1
-1 2
+1 1
-1 1
+1 1
-1 1
+1 1
-1 2
+3 4
fe=(31)
1506 10
fi=(30)
198 8
+2 2
+1 2
+2 2
-3 6
fe=(31)
1368 6
fi=(63)
62 8
+2 8
fe=(31)
1084 2
fi=(61)
187 8
cfi=(60)
cfn=(194)
calls=1 47 
* 9
+3 2
fe=(31)
1462 6
+2 1
-1 5
+1 1
-1 1
+1 1
-1 1
cfi=(32)
cfn=(90)
calls=1 108 
* 25
* 2
+2 5
1275 2
fi=(57)
49 3
fi=(30)
170 3
-39 2
fe=(31)

fn=(106) _dl_init_paths
706 11
+14 1
-14 2
+14 2
cfi=(38) ./elf/./elf/dl-hwcaps.c
cfn=(108) _dl_important_hwcaps
calls=1 175 
* 1847
fi=(28)
56 1
fe=(31)
720 1
fi=(28)
56 1
cfi=(27)
cfn=(76)
calls=1 -21 
* 25
fe=(31)
725 1
+2 2
+7 2
+1 2
-1 3
+5 3
fi=(28)
56 1
cfi=(27)
cfn=(76)
calls=1 -21 
* 25
fe=(31)
739 1
+2 4
+17 1
-10 1
+19 1
-11 1
-9 1
+9 1
+12 2
-10 1
+3 2
+9 1
-7 1
+4 1
+3 2
-3 1
-8 1
+3 1
+8 1
-3 1
+1 16
cfi=(44)
cfn=(132)
calls=4 125 
* 72
+2 18
-14 3
+10 3
+4 3
-12 3
-2 3
+2 3
+4 3
-3 3
+3 3
+1 3
-2 3
+5 6
+1 3
-4 3
+4 3
+15 1
+3 1
-15 1
+7 1
-1 1
+9 2
+2 4
+2 3
+36 5
+2 2
cfi=(22)
cfn=(60)
calls=1 41 
* 17
* 9
-19 1
-2 1
+2 2
+19 9
cfi=(29)
cfn=(80) memcpy
calls=1 212 
* 11
* 1
+5 4
-1 2
+2 1
+1 2
-2 4
+1 13
+1 26
-2 52
+5 1
fi=(28)
56 1
cfi=(27)
cfn=(76)
calls=1 -21 
* 25
fe=(31)
836 1
fi=(28)
56 1
fe=(31)
838 2
+6 6
cfn=(134)
calls=1 468 
* 587
+3 3
+6 1
+4 8
-35 2
+5 2

fn=(216)
1870 8
+1 1
-1 6
+1 1
+6 2
+5 16
-7 2
+7 1
-8 1
+8 2
+3 2
+9 6
+7 3
+1 1
-1 1
cfi=(29)
cfn=(128)
calls=1 199 
* 13
-12 1
+12 1
+59 5
-58 4
+3 20
+5 80
cfi=(29)
cfn=(128)
calls=10 199 
* 134
* 40
cfi=(29)
cfn=(128)
calls=10 199 
* 130
+3 20
+6 30
+3 60
cfn=(218)
calls=10 1568 
* 540
* 10
+2 30
+2 20
+65 8
+7 2
-2 2
+2 2
+3 3
-13 1
+27 9
1902 58
+29 20
+1 70
+6 20
+2 10
-2 10
+2 20
cfi=(67) ./io/../sysdeps/unix/sysv/linux/stat64.c
cfn=(220) stat
calls=10 28 
* 158
* 10
+3 10
-3 20
+1 1
+2 2
-2 1
+2 26
-61 2

fn=(218)
1568 121
+39 33
+19 44
cfi=(55)
cfn=(178)
calls=11 28 
* 239
* 11
+2 22
+11 1
+6 2
-5 1
+5 8
cfi=(56)
cfn=(180)
calls=1 25 
* 6
+2 2
+2 2
+2 2
+6 2
+17 11
fi=(28)
50 2
cfi=(27)
cfn=(144)
calls=1 +45 
* 5
fe=(31)
1856 99
1674 3
+74 2
+5 2
+2 4
+6 2
+6 1
+1 1
-1 3
+1 1
-1 1
+1 2
+21 3
+31 1
-31 1
1633 1
1820 2
-31 48
+1 24
+1 8
+4 8
+6 4
+1 28
+10 12
cfi=(71)
cfn=(232)
calls=2 25 
* 14
* 16
+8 18
+15 2
+6 1
-3 1
+1 1
+1 1
+1 2
-3 1
+1 1
+1 1
+2 1
-3 3
-1 1
+4 2
-19 18
+3 2
-4 2
+4 4
+5 1
+1 4
-60 13
+1 3
-1 1
+1 3
cfi=(71)
cfn=(232)
calls=1 25 
* 7
* 3
+16 5
1612 20
+62 3
1802 4
-30 2

fn=(212) _dl_dst_count
238 4
+3 2
-3 4
+7 2
-7 4
+3 2
cfi=(42)
cfn=(118)
calls=2 23 
* 72
+3 4
+20 14

fl=(43) ./string/../sysdeps/x86_64/memcmp.S
fn=(124) bcmp
22 1
+5 1
+1 1
+1 1
+1 1
+1 1
+1 1
+1 1
+1 1
+3 1
+1 1
+1 1
+1 1
+1 1
+1 1
+1 1
+1 1
+1 1
+2 1
+1 1
+17 1
+1 1
+17 1
+1 1
+1 1
+1 1
+1 1
+4 1
+47 1
+1 1
+1 1
+1 1
+1 1
+1 1
+1 1
+1 1
+1 1
+1 1
+1 1
+1 1
+1 1

fl=(53) ./setjmp/../sysdeps/x86_64/setjmp.S
fn=(168) __sigsetjmp
30 3
+2 3
+9 3
+1 6
+1 3
+4 3
+1 3
+1 3
+1 3
+1 3
+2 6
+2 3
+1 3
+1 3
+2 6
+2 3
+8 3
+3 3
+1 3
+7 3
+1 3

fl=(9) ./elf/../elf/dl-sysdep.c
fn=(16) _dl_sysdep_start
85 4
+25 1
-25 6
+25 1
-1 1
+1 129
+11 1
-8 1
+1 1
-4 1
+3 1
+6 1
+2 13
-34 1
-1 1
+36 113
+3 1
+1 1
-5 85
+57 1
-57 1
+58 1
-1 1
-57 3
+29 1
-29 1
+30 1
-1 1
-29 3
+41 1
-41 1
+42 1
-1 1
-41 3
+35 1
-35 1
+36 1
-1 1
-35 3
+32 1
-32 1
+33 1
-1 1
-32 4
+13 1
-13 1
+14 1
-1 1
-13 3
+10 1
-10 1
+11 1
-1 1
-10 3
+7 1
-7 4
224 1
cfi=(10)
cfn=(18) __GI___tunables_init
calls=1 +58 
* 20280
+3 1
cfi=(12) ./elf/./elf/dl-sort-maps.c
cfn=(22) _dl_sort_maps_init
calls=1 +54 
* 32
fi=(13) ./elf/../sysdeps/unix/sysv/linux/dl-sysdep.c
36 2
cfi=(14) ./elf/../sysdeps/unix/sysv/linux/brk.c
cfn=(28) brk
calls=1 -1 
* 8
fi=(6) ./elf/../sysdeps/x86_64/dl-machine.h
215 1
cfi=(15) ./elf/../sysdeps/x86/dl-get-cpu-features.c
cfn=(32) _dl_x86_init_cpu_features
calls=1 37 
* 7224
fe=(9)
+23 3
+1 1
cfi=(22)
cfn=(60)
calls=1 41 
* 17
* 1
+2 2
cfi=(23) ./elf/../misc/sbrk.c
cfn=(62) sbrk
calls=1 37 
* 15
* 3
+12 3
+3 5
cfi=(2) ./elf/./elf/rtld.c
cfn=(64) dl_main
calls=1 1320 
* 112623
+2 9

fn=(464) _dl_sysdep_start_cleanup
262 1
+1 1

fl=(78) ./elf/./elf/dl-reloc.c
fn=(272) _dl_relocate_object
194 8
+14 4
-14 36
+16 4
-16 8
+14 4
+2 8
+3 4
-1 4
+1 8
+19 8
+6 20
-34 6
+38 6
+7 12
fi=(6)
71 10
+6 4
+4 3
+14 1
-8 1
+8 2
+20 2
+4 5
-2 2
fe=(78)
288 160
-83 1
fi=(6)
474 4
fe=(78)
205 2
+83 2
fi=(5) ./elf/./elf/do-rel.h
49 1
fe=(78)
288 1
fi=(5)
60 1
-11 2
+11 2
fe=(78)
288 3
-83 3
fi=(6)
474 12
fe=(78)
205 6
+83 6
fi=(5)
49 3
fe=(78)
288 3
fi=(5)
60 3
-11 6
+11 6
fe=(78)
288 8
fi=(5)
49 4
fe=(78)
288 4
fi=(5)
60 4
-11 8
+11 8
-7 1
-1 1
+11 8
fi=(6)
545 28
+4 28
+3 42
+1 14
fi=(5)
63 42
+2 216
+2 120
-4 120
+13 6
+1 8
+1 80
fi=(6)
545 40
+34 80
+2 40
cob=(3)
cfi=(128)
cfn=(408)
calls=1 31 
* 23
cob=(3)
cfi=(127)
cfn=(406)
calls=1 31 
* 7
cob=(3)
cfi=(126)
cfn=(402)
calls=1 33 
* 22
cob=(3)
cfi=(125)
cfn=(400)
calls=1 29 
* 7
cob=(3)
cfi=(123)
cfn=(396)
calls=1 29 
* 23
cob=(3)
cfi=(122)
cfn=(392)
calls=1 33 
* 17
cob=(3)
cfi=(120)
cfn=(388)
calls=1 29 
* 22
cob=(3)
cfi=(119)
cfn=(384)
calls=1 29 
* 17
cob=(3)
cfi=(118)
cfn=(380)
calls=1 29 
* 21
cob=(3)
cfi=(117)
cfn=(378)
calls=1 31 
* 7
cob=(3)
cfi=(116)
cfn=(374)
calls=1 29 
* 17
cob=(3)
cfi=(115)
cfn=(370)
calls=1 31 
* 21
cob=(3)
cfi=(114)
cfn=(366)
calls=1 29 
* 21
cob=(3)
cfi=(112)
cfn=(362)
calls=2 31 
* 38
cob=(3)
cfi=(110)
cfn=(358)
calls=1 29 
* 22
cob=(3)
cfi=(109)
cfn=(356)
calls=1 31 
* 7
cob=(3)
cfi=(108)
cfn=(352)
calls=1 29 
* 17
cob=(3)
cfi=(107)
cfn=(350)
calls=1 43 
* 7
cob=(3)
cfi=(106)
cfn=(348)
calls=1 29 
* 7
cob=(3)
cfi=(105)
cfn=(346)
calls=1 31 
* 7
cob=(3)
cfi=(104)
cfn=(344)
calls=1 66 
* 17
cob=(3)
cfi=(102)
cfn=(340)
calls=2 31 
* 46
cob=(3)
cfi=(100)
cfn=(336)
calls=1 31 
* 17
cob=(3)
cfi=(99)
cfn=(332)
calls=1 30 
* 21
cob=(3)
cfi=(98)
cfn=(328)
calls=2 29 
* 44
cob=(3)
cfi=(97)
cfn=(324)
calls=1 28 
* 21
cob=(3)
cfi=(96)
cfn=(322)
calls=1 61 
* 19
cob=(3)
cfi=(94)
cfn=(318)
calls=2 31 
* 42
cob=(3)
cfi=(92)
cfn=(314)
calls=1 29 
* 22
cob=(3)
cfi=(91)
cfn=(310)
calls=1 29 
* 19
cob=(3)
cfi=(89)
cfn=(306)
calls=1 29 
* 24
cob=(3)
cfi=(87)
cfn=(302)
calls=1 29 
* 19
cob=(3)
cfi=(86)
cfn=(300)
calls=1 65 
* 17
cob=(3)
cfi=(85)
cfn=(298)
calls=1 29 
* 7
cob=(3)
cfi=(83)
cfn=(294)
calls=2 31 
* 42
-36 40
+37 40
fi=(5)
77 121
fe=(78)
288 32
+3 24
+24 4
+3 8
+17 12
+2 32
-98 8
+3 2
+7 4
-9 2
fi=(5)
86 14
+2 14
+12 7
-14 28
+14 14
+10 10
+3 13
+1 3
fi=(6)
529 3
fi=(5)
114 3
fi=(6)
529 6
fi=(5)
114 1198
fi=(6)
529 1198
fi=(5)
114 1198
fi=(6)
529 2396
+5 2402
+1 1201
fi=(5)
113 1201
fi=(6)
535 1201
-5 1201
fi=(5)
113 2402
+7 28
+4 20
+2 10
-73 3
fi=(6)
484 3
fi=(5)
52 3
fi=(6)
484 6
fi=(5)
128 6
+1 3
+1 3
-2 3
+2 3
+3 3
-5 3
+2 3
-2 3
+1 6
+2 3
-2 3
+2 9
+2 6
-5 220
+1 110
+1 110
-2 110
+2 110
+3 110
-5 110
+2 110
-2 110
+1 220
+2 110
-2 110
+2 330
+2 220
+9 111
fi=(6)
262 222
+21 222
+4 222
+7 444
fi=(4) ./elf/../sysdeps/generic/ldsodefs.h
138 285
fi=(6)
294 3658
cfi=(79)
cfn=(280)
calls=92 840 
* 52206
* 828
+2 285
+30 656
450 279
fi=(5)
145 313
-19 339
+32 15
+1 6
fi=(6)
294 2
+22 2
-22 4
fi=(5)
160 6
+3 2
+4 2
-4 2
+4 4
-2 2
-2 2
+2 2
+1 2
-1 4
fi=(6)
294 8
508 2
-1 4
+1 4
+1 2
cfi=(15)
cfn=(436) __x86_cpu_features
calls=1 71 
* 6
cob=(3)
cfi=(81)
cfn=(290)
calls=1 86 
* 28
+1 2
fi=(5)
159 2
fi=(6)
510 2
fi=(5)
159 8
-14 3
+1 51
fi=(6)
490 3
+5 2
-1 3
+1 2
-1 1
cfi=(29)
cfn=(80)
calls=1 212 
* 11
+2 4
+1 1
-75 51
+4 68
+5 17
+9 17
-9 34
+9 17
fi=(5)
145 66
fi=(6)
296 156
+3 108
-3 108
+3 216
+2 25
+3 10
+1 15
+11 10
+7 5
cob=(3)
cfi=(92)
cfn=(314)
calls=1 29 
* 22
cob=(3)
cfi=(86)
cfn=(300)
calls=1 65 
* 17
cob=(3)
cfi=(89)
cfn=(306)
calls=1 29 
* 24
cob=(3)
cfi=(118)
cfn=(380)
calls=1 29 
* 21
cob=(3)
cfi=(116)
cfn=(374)
calls=1 29 
* 17
* 15
+3 10
fi=(5)
135 10
+3 2
fi=(6)
296 92
+3 92
-3 200
+3 4
fi=(5)
50 8
fe=(78)
308 14
fi=(6)
-14 29
fe=(78)
+49 20
+3 4
-3 4
+3 4
+4 8
+1 16
cfi=(72)
cfn=(236)
calls=4 117 
* 24
* 8
-63 6
fi=(5)
53 2
175 7
+2 2
+1 2
-1 1
+3 1
-3 4
+3 2
-3 10
+1 10
-1 5
+3 5
-3 20
+3 10
+8 6
fi=(6)
+74 12
+21 12
+4 12
+7 24
fi=(4)
138 18
fi=(6)
294 204
cfi=(79)
cfn=(280)
calls=6 840 
* 3251
* 54
+2 18
+30 36
450 12
fi=(5)
191 18
-16 18
+30 4
fi=(6)
+91 2
+3 2
-3 2
+3 4
-3 2
+3 2
-3 4
fe=(78)

fl=(144) ./elf/./elf/dl-init.c
fn=(474) _dl_init
77 12
+1 1
+1 1
+3 3
+8 2
+25 1
+1 5
+1 2
-86 4
+86 6
-86 12
+2 20
cfn=(476) call_init.part.0
calls=3 -7 
* 211
+83 12
+7 8
-92 4
+2 6
cfn=(476)
calls=1 -7 
* 61
+52 2

fn=(476)
26 32
+13 4
-13 4
+16 4
-3 8
+3 8
+5 6
+8 9
+1 6
cob=(2)
cfi=(51)
cfn=(478)
calls=1 -56 
* 26
+3 3
+1 6
+6 2
+2 2
-2 1
+3 7
+1 4
cob=(3)
cfi=(149)
cfn=(504)
calls=1 +13 
* 12
* 4
cob=(3)
cfi=(146)
cfn=(496)
calls=1 -24 
* 92
-1 6
+3 24
-29 2

fl=(41) ./elf/./elf/dl-hwcaps_split.c
fn=(116) _dl_hwcaps_split_masked
51 55
-25 42
+4 24
+4 48
+1 12
-1 24
+2 24
+5 27
cfi=(42)
cfn=(118)
calls=9 -18 
* 216
+1 18
+3 6
+11 12
+1 12
+1 6
-1 6
+1 6
-2 6
+1 6
+1 3
-1 3
+1 27
cfn=(120) _dl_hwcaps_contains
calls=6 +8 
* 30
* 12
-3 5
+7 44
-19 6
cfi=(22)
cfn=(60)
calls=3 -2 
* 51
* 3

fn=(122) _dl_hwcaps_split
25 4
+1 3
+21 1
-20 1
+20 3

fn=(120)
66 6
+1 12
+1 6
+9 6

fl=(129) ./elf/./elf/dl-find_object.c
fn=(416) _dl_find_object_init
561 4
+3 1
+2 2
+13 1
cfn=(420) _dlfo_process_initial
calls=1 474 
* 79
+1 1
-1 1
+1 1
fi=(28)
56 1
cfi=(27)
cfn=(76)
calls=1 -21 
* 25
fe=(129)
580 1
fi=(28)
56 1
fe=(129)
582 2
+3 2
+5 1
+1 1
cfn=(420)
calls=1 474 
* 280
+3 3
+10 4
-37 2
cfi=(130) ./elf/./dl-find_object.h
cfn=(418) _dl_find_object_from_map
calls=1 95 
* 68
* 1
+29 2
cfn=(422) _dlfo_sort_mappings
calls=1 -60 
* 80
+3 6
+2 1

fn=(420)
474 2
+3 2
-3 2
+1 2
+3 4
+26 14
+1 6
+1 8
-1 16
+3 28
+3 24
-7 10
+25 2
+2 8
-18 18
+3 6
-1 6
cfi=(130)
cfn=(418)
calls=3 95 
* 189
+2 12

fn=(422)
536 1
+1 2
+3 4
+4 1
+1 1
-1 1
+1 2
-1 1
+1 1
-1 1
+1 6
+1 19
-1 9
+8 6
+1 4
-1 2
-13 4
+14 6
+1 4
-15 4
+17 1

fl=(55)
fn=(178)
28 13
+3 13
-3 39
+3 78
+8 91
+2 3
-2 30
+2 10

fl=(13)
fn=(100) _dl_discover_osversion
46 5
+2 3
+40 2
cfi=(36)
cfn=(102)
calls=1 +32 
* 6
+15 1
-15 2
+20 1
-1 1
+3 12
+4 3
-2 6
+2 11
+3 2
-1 2
+1 6
-3 8
+3 1
-1 1
+1 3
-3 4
+7 3
-1 3
+4 3
-2 3
+2 12
+9 5

fl=(25) ./elf/./elf/dl-environ.c
fn=(68) _dl_next_ld_env_entry
28 3
+1 3
+3 48
+13 38
-13 76
+2 80
+1 18
+5 2
-3 2
+3 2
+2 2
+7 1

fl=(19) ./elf/../sysdeps/x86/dl-cacheinfo.h
fn=(46) handle_intel.constprop.0
255 24
-5 24
+16 12
-16 72
+13 12
+1 36
-3 24
+11 60
+5 24
+2 12
+1 12
-1 12
+5 48
cfn=(48) intel_check_word.constprop.0
calls=12 123 
* 3876
+2 24
+3 60
cfn=(48)
calls=12 123 
* 1156
+2 24
+3 5
cfn=(48)
calls=1 123 
* 20
+2 2
+3 5
cfn=(48)
calls=1 123 
* 255
+2 2
-35 3
+39 3
+5 96

fn=(48)
123 78
-4 78
+10 104
-10 26
+10 52
+2 52
+71 200
-71 102
+2 63
+2 126
+8 126
+51 102
+22 51
fi=(20) ./elf/../bits/stdlib-bsearch.h
28 51
-1 102
+4 102
+1 51
fe=(19)
+78 102
fi=(20)
-79 76
+1 38
fe=(19)
+78 76
+3 345
fi=(20)
-84 820
+2 512
+1 256
fe=(19)
+78 512
+15 15
246 104
fi=(20)
37 63
-8 151
fe=(19)
155 36
+3 36
-6 54
+3 14
+9 14
+23 19
-32 57
+3 57
+4 50
+2 100
+2 50
+2 36
+4 11
+2 22
+6 14
+3 8
+1 12
-8 4
+2 4
-1 4
-1 4
+2 8
-2 4
+3 12
-2 12
+2 8
-10 24
+1 10
+11 12
-26 4
+9 4
+23 2
-32 6
+3 6
+4 8
+2 16
+2 8
-11 3
+7 6
+2 12

fn=(52) get_common_cache_info.constprop.0
481 1
+17 1
-17 4
+16 1
-16 1
+15 1
-15 3
+18 1
-1 1
+9 2
+3 3
+11 1
-11 1
-5 1
+21 3
+4 2
681 4
+1 5
+4 2
+9 2
-2 1
+2 2
-1 1
+1 3
535 6
+3 8
+7 2
-7 9
+7 6
+3 26
+14 2
+4 1
+3 1
+1 1
-4 2
+3 3
+6 2
-37 6
+15 2
+4 1
+1 1
-1 2
+18 2
-68 6
+74 4
+8 7
+2 2
+4 3
+2 1
+2 5
-4 1
+16 1
-16 3
+21 2
-21 4
+3 1
+1 4
-4 1
+6 4
+3 2
+5 1
+2 2
+1 1
+1 1
-2 2
+1 1
-19 5
+46 2
+1 1
+1 2
+2 2
-1 3
-23 2
+7 1
+2 2
-16 1
+22 1
-6 2
+1 1
+5 1

fl=(39) ./elf/../sysdeps/x86_64/dl-hwcaps-subdirs.c
fn=(110) _dl_hwcaps_subdirs_active
29 1
fi=(18) ./elf/../sysdeps/x86/get-isa-level.h
+2 1
fe=(39)
+7 1
fi=(18)
-7 2
-1 2
fe=(39)
+22 1
fi=(18)
-20 3
+4 1
fe=(39)
+2 1
fi=(18)
-2 2
+3 4
+1 4
+5 1
fe=(39)
-7 1
fi=(18)
+7 3
fe=(39)
-2 1
fi=(18)
+5 2
+1 3
+2 4
+1 2
+1 2
+6 1
fe=(39)
-11 1
fi=(18)
+11 1
-3 2
fe=(39)

fl=(59) ./io/../sysdeps/unix/sysv/linux/fstatat64.c
fn=(192) fstatat
153 26
-55 26
+70 30
+1 4
-2 18
+1 18

fl=(130)
fn=(418)
95 8
+1 8
+1 4
+6 20
+1 119
+1 82
+2 12
+5 4

fl=(50) ./string/../sysdeps/x86_64/strcspn.S
fn=(158) strcspn
25 1
+2 1
+7 1
+1 1
+2 1
+1 1
+1 1
+1 1
+1 33
+3 3
+7 1
+1 1
+1 1
+1 1
+2 1
+1 1
+1 1
+1 1
+2 1
+1 1
+1 1
+9 3
+12 1
+2 1
+1 1
+1 1
-4 12
+2 12
+1 12
+1 12
+2 13
+1 13
+1 13
+2 13
+1 13
+1 13
+2 13
+1 13
+1 13
+2 1
+1 1
+1 1
+2 1
+7 1
+4 1

fl=(46)
fn=(152) _dl_debug_state
116 2
+1 2

fn=(146) _dl_debug_initialize
56 1
+3 2
+4 1
-6 1
+4 1
+2 2
+22 2
+5 2
+1 1
+1 1
-1 1
-1 1
+5 2
+4 2
+8 2
-43 2
+32 6

fn=(186)
38 3
+3 3
-1 6
+4 6
+4 3

fl=(66) ./elf/./elf/dl-deps.c
fn=(210) _dl_map_object_deps
159 5
+1 3
-1 1
+1 1
-1 2
+1 1
-1 3
+1 1
-1 4
+1 12
-8 1
-7 1
+15 1
-14 1
+6 1
+8 1
-15 1
+7 1
-8 1
+1 1
+7 1
-7 1
+31 3
-28 3
-2 1
+31 1
-33 2
+2 2
+30 2
-30 1
-1 4
+7 4
+24 2
-32 1
+60 1
-60 2
+36 1
fi=(74) ./elf/../include/scratch_buffer.h
77 3
fe=(66)
198 1
fi=(74)
78 1
fe=(66)
200 2
+98 1
198 1
+4 1
+7 1
+4 4
-4 3
+4 12
+11 12
-18 2
+18 4
433 12
+2 2
+3 2
-3 4
+3 2
fi=(28)
56 2
cfi=(27)
cfn=(76)
calls=2 -21 
* 50
* 2
fe=(66)
439 4
+6 2
+1 10
cfi=(29)
cfn=(80)
calls=2 212 
* 22
+1 10
cfi=(29)
cfn=(80)
calls=2 212 
* 22
+4 2
-1 2
+5 16
204 9
458 9
-1 4
+1 8
199 3
+27 10
+5 2
+6 2
-5 2
-1 2
+2 4
+4 8
-31 2
+31 2
+1 6
+6 8
cfi=(31)
cfn=(212)
calls=2 -6 
* 108
* 6
+4 4
-2 2
+2 4
cob=(2)
cfi=(51)
cfn=(164)
calls=2 0 
* 6728
+1 4
+9 2
+2 4
+5 10
+6 2
+2 2
-8 4
+3 2
+1 2
+1 2
+1 2
+4 10
+4 6
+1 3
-43 200
+1 96
+44 144
-38 4
fi=(74)
85 3
fe=(66)
464 6
+1 1
+3 4
+11 3
fi=(28)
56 1
cfi=(27)
cfn=(76)
calls=1 -21 
* 25
* 1
fe=(66)
481 2
+5 3
+1 1
-1 2
+4 2
-2 1
+2 1
-2 2
+13 3
+5 3
-16 9
-2 3
+6 3
+7 3
-2 6
-5 1
+7 1
-2 2
+2 2
+5 1
-16 6
+19 2
+52 3
+37 3
+15 1
-11 1
+11 1
-14 2
+20 1
-1 3
+1 3
-1 5
cfi=(12)
cfn=(246) _dl_sort_maps
calls=1 290 
* 260
+5 1
+3 1
-1 1
+2 2
+7 3
+3 3
+3 8
214 25
+3 2
fi=(74)
-86 6
cfi=(73) ./malloc/./malloc/scratch_buffer_set_array_size.c
cfn=(240) __libc_scratch_buffer_set_array_size
calls=2 30 
* 40
fe=(66)
+86 4
+4 6
613 2
cfi=(29)
cfn=(80)
calls=1 212 
* 11
* 1
-53 2
160 2
380 6

fn=(214) openaux
61 6
+7 2
-4 4
+1 2
-1 16
cfi=(31)
cfn=(172)
calls=2 2022 
* 6570
* 2
+5 4

fl=(8)
fn=(14)
25 4
+3 4
-3 4
+3 8
+3 12
+1 8
+2 4
-1 4
+3 12
+1 4
+4 4
-3 4
+7 4
-4 4
-3 4
+2 8
+5 4
-5 4
-2 4
+7 4
-5 4
+10 4

fl=(133) ./elf/../sysdeps/nptl/dl-mutex.c
fn=(432) __rtld_mutex_init
30 2
+10 3
-10 1
+10 2
-10 1
+7 1
+3 2
cfi=(134) ./elf/./elf/dl-lookup-direct.c
cfn=(434) _dl_lookup_direct
calls=1 +34 
* 175
+4 2
+1 8
+2 3
-2 1
+2 3
cfi=(134)
cfn=(434)
calls=1 +27 
* 198
+4 2
+1 6
+1 2
-1 1
+1 2

fl=(16) ./elf/../sysdeps/x86/cpu-features.c
fn=(40) update_active.constprop.0
43 7
+45 1
-41 1
+28 1
-18 1
+31 1
+4 1
-36 1
-1 1
+37 1
-26 1
-11 1
+1 1
+36 2
+1 1
-17 1
-21 1
+25 1
-4 1
-11 1
+28 1
-1 1
-36 1
+18 1
+19 1
-13 1
-4 1
-11 1
+19 1
+11 1
-3 1
-12 1
+14 1
-29 1
+18 1
+9 1
-18 1
+13 1
-13 1
-9 1
+29 2
+3 1
-14 1
-9 1
+9 1
+4 1
+10 1
-17 1
+7 1
+5 1
+5 1
+1 1
-1 1
+1 2
+2 2
+1 4
+3 1
+1 1
-1 1
+1 1
-1 1
+1 1
-1 1
+1 1
+4 2
+4 2
+2 4
+83 3
+12 2
+1 1
+3 3
+4 1
-4 1
+4 1
+67 3
+4 3
fi=(18)
31 1
-3 1
+3 1
-1 2
fe=(16)
296 1
+1 8
-75 3
+1 2
+3 1
-1 1
+9 1
-5 1
+2 1
-2 1
+5 1
fi=(18)
32 3
+4 3
fe=(16)
+83 2
+2 1
+3 2
+10 1
+10 1
-10 1
+10 1
-10 1
+6 1
+4 1
-4 1
-6 1
+6 1
+2 1
-2 1
+2 3
+7 4
fi=(18)
39 3
+1 4
+5 1
-7 1
+7 3
+2 1
+1 2
+1 3
+2 4
+1 2
+1 2
+6 1
-4 1
+4 1
-3 2
fe=(16)
+75 1
-5 2
+4 1

fn=(34) init_cpu_features.constprop.0
399 1
+16 1
-16 6
+3 1
+1 1
+1 1
+11 2
+3 6
593 1
+94 5
+1 1
+3 2
+1 1
+6 1
+3 1
fi=(19)
+5 1
+2 1
fe=(16)
-9 1
fi=(19)
+23 2
840 1
+46 1
-46 17
+45 2
+25 2
+21 2
-21 2
+13 3
+8 1
-8 1
+8 1
cfi=(10)
cfn=(24)
calls=1 405 
* 21
* 1
+2 2
+3 4
cfi=(10)
cfn=(24)
calls=1 405 
* 21
* 1
+2 1
+3 2
-3 2
+3 1
-3 1
+3 1
cfi=(10)
cfn=(24)
calls=1 405 
* 21
* 1
+1 5
+16 2
-12 5
cfi=(10)
cfn=(24)
calls=1 405 
* 21
* 1
+1 3
+23 1
-17 5
+3 3
-3 1
cfi=(10)
cfn=(24)
calls=1 405 
* 21
+3 3
-3 2
+3 9
cfi=(10)
cfn=(54) __GI___tunable_set_val
calls=1 157 
* 58
+1 9
cfi=(10)
cfn=(54)
calls=1 157 
* 58
+1 10
cfi=(10)
cfn=(54)
calls=1 157 
* 58
+3 8
cfi=(10)
cfn=(54)
calls=1 157 
* 58
+2 8
cfi=(10)
cfn=(54)
calls=1 157 
* 58
+4 1
fe=(16)
706 1
fi=(19)
967 2
fe=(16)
706 2
fi=(19)
967 4
fe=(16)
706 1
cfi=(10)
cfn=(24)
calls=1 405 
* 19
+4 3
+14 1
-1 2
+1 3
+47 1
-1 1
+1 1
+46 4
cfi=(10)
cfn=(24)
calls=1 405 
* 19
+2 4
cfi=(10)
cfn=(24)
calls=1 405 
* 19
fi=(21) ./elf/../sysdeps/unix/sysv/linux/x86/cpu-features.c
27 6
fe=(16)
829 2
+45 8
fi=(19)
+19 11
fe=(16)
775 3
+27 2
-10 2
+1 2
+2 3
+1 2
+2 3
+1 2
fi=(19)
-75 3
cfn=(46)
calls=1 255 
* 437
+1 1
-1 2
+1 1
cfn=(46)
calls=1 255 
* 478
+1 1
-1 1
+1 1
cfn=(46)
calls=1 255 
* 503
+3 1
-3 2
+3 1
cfn=(46)
calls=1 255 
* 459
+2 1
-2 1
+2 1
cfn=(46)
calls=1 255 
* 451
+3 1
-2 1
-1 1
+3 1
cfn=(46)
calls=1 255 
* 428
+2 1
-2 1
+2 1
cfn=(46)
calls=1 255 
* 429
+3 1
-2 1
-1 1
+3 1
cfn=(46)
calls=1 255 
* 469
+2 1
-2 1
+2 1
cfn=(46)
calls=1 255 
* 470
+3 1
-3 1
+3 1
cfn=(46)
calls=1 255 
* 494
+2 1
-2 1
+2 1
cfn=(46)
calls=1 255 
* 495
+2 1
-2 1
+2 1
cfn=(46)
calls=1 255 
* 790
+2 3
-2 1
+2 1
cfn=(52)
calls=1 481 
* 215
863 15
fe=(16)
424 6
cfn=(36) get_common_indices.constprop.0
calls=1 -99 
* 71
303 3
+1 2
+1 6
+5 2
+1 6
+5 2
+1 6
429 1
cfn=(40)
calls=1 43 
* 194
+2 1
+2 1
+83 1
-85 2
564 2
+7 2
+2 1
+4 2
+6 2
422 2
-3 1
+14 3
+1 4
+69 1
+10 11
+42 1
+1 1
434 11
+55 3

fn=(36)
325 1
+4 4
+3 3
+5 2
-5 1
+5 1
-5 1
+4 1
+1 1
+1 4
+1 4
+1 3
+1 2
+7 2
+2 5
+5 1
-5 1
+5 1
-5 1
+5 1
-5 2
+5 1
+7 1
-7 4
+7 1
+1 3
+6 1
-6 4
+6 1
fi=(17) ./elf/../sysdeps/unix/sysv/linux/x86/dl-minsigstacksize.h
24 2
+3 2
+1 2
+37 3
+7 1
+2 1
fe=(16)
384 2

fl=(14)
fn=(28)
35 1
+1 3
+1 2
+6 1
+1 1

fl=(44)
fn=(132)
125 7
+1 35
+6 7
+1 7
+1 7
+1 7
+2 1
+1 1
+1 1
+65 4
+1 4
+2 4
+76 6
+1 6
+5 6
+3 6
+1 6
+3 2
+1 2
+13 2
+1 2
+2 2
+3 1
+3 2
+3 1
+1 1
+1 1
+1 1
+1 1
+1 1
+1 1
-6 27
+1 27
+1 27
+1 27
+1 27
+1 27
+1 27
+3 2
+1 2
+1 2
+1 2
+5 2

fl=(65) ./io/../sysdeps/unix/sysv/linux/access.c
fn=(208) access
25 1
+2 7
+4 1

fl=(38)
fn=(108)
175 5
+1 1
-1 6
+1 1
-1 1
+1 1
-1 1
+1 1
-1 1
+1 2
cfi=(10)
cfn=(24)
calls=1 405 
* 21
* 1
+2 2
+1 3
+26 2
-26 1
+25 1
cfi=(39)
cfn=(110)
calls=1 29 
* 47
fi=(40) ./elf/./dl-hwcaps.h
54 1
fe=(38)
205 1
-1 1
fi=(40)
56 1
+32 1
+1 1
+1 1
fe=(38)
-35 2
cfi=(41)
cfn=(116)
calls=1 -4 
* 13
* 2
fi=(40)
-1 1
+2 2
-2 1
+34 2
+1 2
+1 1
fe=(38)
-32 2
-1 2
+1 2
+1 2
-1 2
-3 4
cfi=(41)
cfn=(116)
calls=2 -4 
* 114
* 2
cfi=(41)
cfn=(116)
calls=1 -4 
* 122
* 6
+48 5
fi=(28)
-47 1
cfi=(27)
cfn=(76)
calls=1 -21 
* 25
fe=(38)
+47 1
+2 2
+3 2
fi=(40)
-52 1
fe=(38)
+55 1
-3 1
fi=(40)
-54 2
+3 1
fe=(38)
+58 2
cfi=(41)
cfn=(122)
calls=1 -90 
* 12
* 2
fi=(40)
-61 1
+2 2
-2 1
+34 2
+1 2
+1 1
fe=(38)
+40 4
+1 2
-1 6
+2 2
+1 2
-2 6
-3 4
cfi=(41)
cfn=(116)
calls=2 -77 
* 114
* 2
cfi=(41)
cfn=(116)
calls=1 -77 
* 122
* 6
+8 2
+9 1
-15 1
+15 2
-15 1
+15 8
+9 2
+4 7
cfi=(43)
cfn=(124)
calls=1 22 
* 41
+1 2
+1 1
+4 1
+1 2
+1 1
-20 2
+19 1
+1 1
-20 2
-1 4
+70 1
+1 1
+4 1
-5 2
+1 4
+4 2
-4 1
+4 4
+1 1
-1 1
+1 2
+1 2
-2 5
+1 1
-1 1
+1 2
+1 2
-2 5
+5 1
+3 2
-3 2
+3 15
+7 1
-7 2
+2 3
+1 4
+2 1
fi=(213) ./elf/../sysdeps/x86/dl-hwcap.h
57 1
fe=(38)
233 2
fi=(213)
57 1
fe=(38)
233 2
fi=(213)
57 1
fe=(38)
233 1
+1 1
cfi=(22)
cfn=(60)
calls=1 41 
* 17
+1 1
+1 1
-6 1
+4 1
+1 1
-5 1
+5 1
+1 1
-1 2
-5 4
+10 3
-2 3
+2 1
+1 1
+1 1
-1 1
+4 4
+1 1
-1 1
+4 2
+4 1
-1 1
+1 4
-1 2
+4 3
+1 3
+19 10
+6 2
fi=(28)
56 1
cfi=(27)
cfn=(76)
calls=1 -21 
* 25
* 1
fe=(38)
283 2
+8 1
fi=(40)
54 1
+2 1
+34 1
-2 2
fe=(38)
-5 1
291 1
fi=(40)
54 1
+35 1
fe=(38)
291 1
fi=(40)
90 1
fe=(38)
-10 2
cfi=(41)
cfn=(116)
calls=1 -29 
* 13
* 2
fi=(40)
-26 2
+2 1
fe=(38)
+27 1
fi=(40)
-29 1
+34 2
+1 2
+1 1
fe=(38)
-8 2
+1 4
+7 2
-7 10
cfi=(29)
cfn=(128)
calls=2 199 
* 26
+4 2
+2 2
+2 2
-2 4
-9 4
cfi=(41)
cfn=(116)
calls=2 -29 
* 114
* 2
cfi=(41)
cfn=(116)
calls=1 -29 
* 122
* 6
304 1
+2 1
-2 1
-48 2
+72 1
-72 1
376 2
+13 2
-58 1
+45 1
+13 1
-58 1
-75 1
+82 1
+10 2
-92 1
+88 1
+4 3
-4 1
+3 7
-3 2
-3 1
+3 1
cfi=(29)
cfn=(128)
calls=1 199 
* 18
* 2
-3 1
+3 1
cfi=(29)
cfn=(128)
calls=1 199 
* 18
* 2
+3 2
-3 4
+3 5
+1 12
+1 2
-2 1
+2 1
cfi=(29)
cfn=(128)
calls=1 199 
* 15
* 2
-2 2
+5 8
cfi=(29)
cfn=(128)
calls=2 199 
* 30
* 4
+2 5
+5 6
+1 1
-1 3
+1 7
-1 25
+5 11
+4 1
-1 1
+1 2
-4 12
+4 2
-1 2
+1 13
-1 9
+1 18
+1 24
-1 12
-1 12
+2 24
-1 24
-1 24
+4 9
+3 1
+2 2
-1 1
-1 1
+2 1
-2 1
+2 2
-1 1
+1 2
+2 6
+1 2
+3 2
-6 2
+6 3
+7 8
+1 1
-1 2
+3 2
-3 3
+1 3
-1 6
+3 6
+3 4
-80 2
+86 9
-20 1
+1 2
-6 3
259 2
+1 2
+1 4
-1 3
+12 4
-44 2
+34 4
-2 3

fl=(29)
fn=(80)
212 16
+1 16
+6 16
+1 16
+2 9
+1 9
+1 9
+2 6
+1 6
+1 6
+2 6
360 7
+1 7
+2 1
+4 1
+1 1
+1 1
+1 1
+1 1
+4 1
+2 1
+39 6
+1 6
+1 6
+1 6
+1 6
+7 3
+1 3
+1 3
+1 3
+1 3
+1 3
+1 3
+11 3
+1 3
+2 3
+1 3
+1 3

fn=(128)
199 32
+1 32
+1 32
+1 32
+17 32
+1 32
+2 6
+1 6
+1 6
+2 5
+1 5
+1 5
+2 5
360 26
+1 26
+2 8
+4 8
+1 3
+1 3
+1 2
+1 2
+1 2
+1 2
+2 2
+2 3
+6 5
+1 5
+1 5
+1 5
+1 5
+29 18
+1 18
+1 18
+1 18
+1 18
+7 1
+1 1
+1 1
+1 1
+1 1
+1 1
+1 1
+11 1
+1 1
+2 1
+1 1
+1 1

fl=(42)
fn=(118)
23 15
+1 15
+1 15
+1 15
+1 15
+1 15
+1 15
+1 15
+1 15
+1 15
+1 15
+1 15
+1 15
+1 15
+1 15
+1 15
+1 15
+1 15
+1 13
+4 13
+1 13
+1 13
+1 13
+2 13
+4 2
+1 2
+1 2
+1 2
+1 2
+1 2
+1 2
+1 2
+1 2
+1 2
+1 2
+1 2
+1 2
+1 2
+1 2
+1 2
+1 2
+1 2
+1 2
+1 2
+1 2
+1 2
+1 2
+1 2
+52 2
+4 2
+1 2
+1 2
+1 2
+2 2

fl=(134)
fn=(434)
74 30
+2 3
-2 3
+4 3
-4 3
+2 3
+2 9
+37 3
-37 9
+1 6
+2 12
+3 25
-52 3
+54 6
-54 3
+54 3
-54 9
+1 9
+2 6
+1 6
+12 12
+3 3
+2 3
-2 3
+2 9
cfi=(32)
cfn=(90)
calls=3 +55 
* 207
* 6
+4 6
+1 3
-1 3
+1 18
+1 9
cfi=(32)
cfn=(90)
calls=3 +49 
* 75
* 6
+57 27
-23 6

fl=(52)
fn=(162)
225 10
+2 2
cob=(2)
cfi=(51)
cfn=(164)
calls=1 0 
* 2759
+1 2
+1 1
+1 1
-1 1
+1 1
+2 5

fn=(250) _dl_receive_error
238 6
+1 1
+1 1
+3 1
+1 1
+2 1
cfi=(2)
cfn=(252) version_check_doit
calls=1 696 
* 4136
+2 1
+1 1
+1 4

fn=(166)
175 9
+5 3
-5 9
+5 3
-2 6
+22 3
-1 3
+7 6
-6 3
+3 6
+3 3
cfi=(53)
cfn=(168)
calls=3 30 
* 72
* 12
+2 9
cfi=(66)
cfn=(214)
calls=2 61 
* 6606
cfi=(2)
cfn=(170) map_doit
calls=1 663 
* 2698
+2 3
-1 3
+1 3
-1 3
+1 6
+9 12

fl=(68)
fn=(468) _dl_unload_cache
537 1
+1 4
-1 1
+3 2
cfi=(72)
cfn=(470)
calls=1 117 
* 6
+1 1
+4 1
+2 2

fn=(222)
416 10
+2 2
+3 3
+74 1
208 1
495 2
+3 3
fi=(70) ./elf/../sysdeps/x86/dl-procinfo.h
39 2
+3 3
cfi=(32)
cfn=(90)
calls=1 +66 
* 25
* 4
fe=(68)
212 6
cfi=(10)
cfn=(24)
calls=1 405 
* 21
* 1
+16 2
-16 1
+6 2
+10 1
-7 5
+9 3
+1 1
-37 2
+37 1
+4 2
-5 21
+1 7
-37 14
+37 7
+4 14
+4 24
cfn=(230) _dl_cache_libcmp
calls=8 370 
* 608
+1 16
359 7
+3 2
228 2
360 6
228 15
+2 5
+20 2
+3 2
+2 4
cfn=(230)
calls=1 370 
* 74
* 2
-7 2
-30 2
+1 1
+95 1
-95 1
-1 8
+96 3
-47 2
+10 2
+1 3
fi=(69) ./elf/../sysdeps/generic/dl-cache.h
125 5
fe=(68)
294 2
+9 2
+3 2
+2 3
+1 2
+5 2
+1 4
+7 2
+21 4
513 2
+12 2
cfi=(22)
cfn=(60)
calls=1 41 
* 33
* 12
+1 1
-1 1
+1 1
-1 1
+1 1
cfi=(29)
cfn=(80)
calls=1 212 
* 11
* 1
+1 1
cfi=(45)
cfn=(140)
calls=1 40 
* 89
+1 8
-3 2
424 4
cfi=(54)
cfn=(224) _dl_sysdep_read_whole_file
calls=1 36 
* 91
* 1
+8 5
+1 8
+3 4
+1 1
-1 3
fi=(69)
194 1
+1 5
fe=(68)
444 1
+1 2

fn=(230)
370 9
+1 9
+32 9
-33 18
+1 20
+2 45
+2 45
-2 90
+20 88
+2 88
-12 36
+2 36
+14 36
+1 36
-29 72
+32 3
-28 2
+8 1
-2 2
+1 2
-1 1
+2 3
+2 1
-3 1
+3 3
+2 2
+9 24

fl=(77) ./elf/../sysdeps/x86/dl-cet.c
fn=(270) _dl_cet_check
252 8
42 1
+9 1
-10 1
+4 1
-4 1
+3 1
+4 2
+1 2
-1 2
+14 2
254 8

fl=(75) ./elf/./elf/dl-version.c
fn=(256) _dl_check_map_versions
155 32
+15 4
-15 8
+15 8
+2 20
+2 4
+1 4
-1 4
+1 4
+2 8
+3 4
-16 2
-8 2
+28 2
-4 2
+4 4
+16 2
36 4
200 2
36 10
+1 5
-1 10
+2 21
cfi=(54)
cfn=(174)
calls=7 +30 
* 805
* 14
208 6
+5 2
-71 4
+71 6
+8 2
-2 2
-2 4
+4 2
-4 12
+4 7
-2 7
-2 14
+4 7
-4 72
56 36
+8 27
+6 27
+16 9
+1 18
+2 9
+5 81
+14 186
+12 252
+4 84
-30 168
224 36
+3 27
+5 7
-11 7
110 9
+3 36
cfi=(32)
cfn=(90)
calls=9 -5 
* 309
* 38
236 8
+14 4
+3 8
+10 42
-7 168
+3 126
-3 8
+3 6
+8 6
+6 3
fi=(28)
44 3
fe=(75)
273 3
fi=(28)
44 3
cfi=(27)
cfn=(72)
calls=3 +34 
* 108
fe=(75)
272 3
fi=(28)
44 3
fe=(75)
274 6
+13 3
-3 3
+3 12
+2 9
+3 8
+4 6
+7 9
+1 9
-1 27
+1 9
+1 9
-2 9
+2 18
+1 27
+3 27
+5 7
-15 7
+2 7
-2 7
+2 7
-2 7
+2 14
-2 2
+2 2
-2 2
+2 2
-2 2
+2 4
+16 6
+39 36
-29 9
+3 8
+4 42
+6 42
+1 42
+1 42
-1 126
+1 42
-1 42
+1 42
+1 42
+3 126
+4 42
-14 88
+10 6
164 2
+86 2
-94 2
+94 3

fn=(254) _dl_check_all_versions
361 6
+4 5
-2 2
+4 24
cfn=(256)
calls=4 155 
* 4053
-2 4
+2 12
-1 4
-1 8
+5 7

fl=(67)
fn=(220)
28 20
+1 40
cfi=(59)
cfn=(192)
calls=10 153 
* 98

fl=(79)
fn=(284) check_match
70 100
+3 100
-3 1200
+3 396
+13 98
-13 98
+13 98
-13 98
+13 294
+3 340
cfi=(32)
cfn=(90)
calls=36 +19 
* 1670
* 72
+4 98
+1 196
+2 192
+19 192
+1 768
+2 2
-40 97
+84 582
-18 4
+2 4
+1 2
-1 4
+1 6
-1 4
+9 1
+7 18
-45 285
cfi=(32)
cfn=(90)
calls=95 -9 
* 2513
* 190
-44 8
+82 4

fn=(282) do_lookup_x
363 832
+1 104
-1 520
+48 104
-30 208
-11 104
+41 104
-30 312
+30 104
fi=(80) ./elf/../sysdeps/generic/dl-protected.h
44 312
fe=(79)
381 104
fi=(80)
44 416
fe=(79)
395 978
+4 326
+4 326
-3 326
+3 1304
+1 978
+3 326
+1 652
+7 326
-3 652
-2 326
+5 1304
+3 2282
570 690
374 654
+3 654
+4 660
+4 652
+4 652
+88 194
fi=(4)
137 194
+1 291
fe=(79)
528 194
fi=(80)
29 194
fe=(79)
535 748
+16 194
+1 97
+1 194
422 412
-1 206
+2 206
+2 1236
+13 438
-10 1215
+3 100
-1 200
+1 100
-1 100
+2 200
-1 1200
cfn=(284)
calls=100 70 
* 9734
+4 300
+3 6
573 7
+1 832
-35 21
-70 12
171 42
452 776

fn=(280)
840 1040
+10 104
-10 208
+10 104
-10 104
+10 104
204 104
840 104
204 520
581 416
-1 208
+2 104
-1 104
+1 312
-1 312
+1 1303
-1 1303
+1 3909
-1 3909
+2 104
846 104
-4 104
+1 104
+7 104
-8 104
+1 104
+7 389
+3 104
+2 208
-2 104
+6 208
-7 624
+7 35
+1 1456
cfn=(282)
calls=104 363 
* 36935
* 312
+28 104
-23 104
+23 104
-23 208
+24 566
+7 97
-7 97
+40 388
+79 194
-65 291
+3 291
-62 104
+69 936
-86 42
+18 21
+59 2

fl=(54)
fn=(174)
68 84
+1 28
cfi=(32)
cfn=(90)
calls=14 +39 
* 500
* 28
+3 14
+2 28
+6 15
-6 30
+1 54
cfi=(32)
cfn=(90)
calls=18 +33 
* 733
* 36
+8 3
-13 3
+13 20
-1 11
+1 33

fn=(224)
36 2
+3 1
-3 6
+3 1
-3 1
+3 1
cfi=(55)
cfn=(178)
calls=1 -11 
* 19
+1 2
+23 7
-21 4
cfi=(58)
cfn=(190)
calls=1 -13 
* 15
* 2
+2 2
+3 2
+13 2
cfi=(64)
cfn=(204)
calls=1 -35 
* 6
* 1
-11 6
cfi=(60)
cfn=(194)
calls=1 -2 
* 9
* 2

fl=(1) ???
fn=(0) 0x0000000000020290
0 2
cfi=(2)
cfn=(2) _dl_start
calls=1 527 
0 142742
0 14
cfi=(144)
cfn=(474)
calls=1 77 
0 373
0 3
cob=(5)
cfi=(150)
cfn=(508)
calls=1 0 
0 5612944

fl=(142) ./elf/./elf/dl-runtime.c
fn=(458) _dl_fixup
46 16
+2 10
+1 2
+6 2
fi=(214) ./elf/../sysdeps/x86_64/dl-runtime.h
-27 2
fe=(142)
+21 2
+5 2
+1 2
-6 2
+6 4
+1 2
+2 2
-2 2
+2 2
-2 10
+7 4
+4 4
+4 6
+4 6
+1 8
-7 8
+16 2
-1 2
+1 4
+10 20
cfi=(79)
cfn=(280)
calls=2 840 
* 1363
* 2
+4 10
+10 20
+15 8
+9 6
+26 6
fi=(6)
+70 2
fe=(142)
-66 12

fl=(73)
fn=(240)
30 20
+4 2
+1 4
+11 2
-1 4
+18 8

fl=(12)
fn=(248) dfs_traversal.part.0
140 32
+10 4
-2 4
+2 8
+2 8
+3 6
-3 12
+9 8
+15 12
+1 4
+1 24

fn=(246)
290 10
+8 1
-8 1
+8 2
+4 8
-79 2
-37 1
+37 1
-36 4
+1 1
-1 1
+1 1
-1 2
+1 3
-1 3
+1 3
-1 6
+36 15
+8 3
-3 1
+2 1
+1 1
-8 1
+5 1
+3 4
+2 9
+2 4
-90 20
cfn=(248)
calls=4 -5 
* 122
+93 8
+18 2
+13 1
+33 1
-26 4
cfi=(29)
cfn=(80)
calls=1 -64 
* 11
* 1

fn=(22)
281 2
+1 4
cfi=(10)
cfn=(24)
calls=1 405 
* 20
+2 3
-1 1
+2 2

fl=(22)
fn=(60)
41 16
+44 16
+1 16
+1 16
+1 16
+1 16
+1 16
+1 16
+2 16
+2 16
+31 15
+1 15
+1 15
+1 15
+1 15
+1 10
+2 10
+4 5
+1 5
+1 5
+1 5
+1 5
+1 5
+1 5
+1 5
+1 5
+1 5
+1 5
+1 5
+5 40
+4 1
+1 14
+1 8

fl=(56)
fn=(180)
25 2
+1 8
+1 2

fl=(58)
fn=(190)
29 6
+1 6
+5 9
cfi=(59)
cfn=(192)
calls=3 153 
* 24

fl=(23)
fn=(62)
37 5
+3 1
+18 2
+4 2
+16 5

fl=(27)
fn=(72)
78 8
+4 8
-4 32
+7 8
+1 24
fi=(28)
-30 8
cfi=(27)
cfn=(76)
calls=8 -21 
* 235
fe=(27)

fn=(144)
95 3
+2 12

fn=(76)
35 120
+1 24
+11 24
-11 48
+11 48
+3 24
-3 24
+3 136
+18 24
+1 24
+2 96
-16 8
+1 4
+2 2
+1 14
cfi=(60)
cfn=(194)
calls=2 -12 
* 18
* 2
+2 4
+2 4
+2 2
+4 2
-4 4
-23 1
-1 1
+1 1
+1 2
-2 2

fl=(15)
fn=(436)
71 1
-32 3
+32 2

fn=(32)
37 1
+2 3
+2 1
cfi=(16)
cfn=(34)
calls=1 399 
* 7219

fl=(45)
fn=(140)
40 15
+1 3
cfi=(22)
cfn=(60)
calls=3 * 
* 87
* 3
fi=(215) ./string/../include/rtld-malloc.h
+15 6
cfi=(27)
cfn=(76)
calls=3 -21 
* 75
fe=(45)
-12 6
+4 3
-1 9
+1 6
-1 3
cfi=(29)
cfn=(80)
calls=3 212 
* 41

fl=(135) ./elf/./elf/dl-call-libc-early-init.c
fn=(438) _dl_call_libc_early_init
27 1
+2 2
-2 1
+6 3
-6 1
+6 3
-6 1
+6 1
cfi=(134)
cfn=(434)
calls=1 +41 
* 177
+4 2
+2 4
+2 1
-1 1
+1 2
-1 1
cob=(3)
cfi=(136)
cfn=(440)
calls=1 -7 
* 1108

fl=(26)
fn=(70)
59 42
+3 6
+18 2
+3 2
-3 2
+3 2
cfi=(22)
cfn=(60)
calls=2 -42 
* 52
+4 4
-4 4
+9 4
fi=(28)
-48 6
cfi=(27)
cfn=(72)
calls=2 +34 
* 100
fe=(26)
+48 1
fi=(28)
-48 3
cfi=(27)
cfn=(72)
calls=1 +34 
* 43
* 3
fe=(26)
+51 6
+5 3
-2 3
+6 3
-4 3
+4 3
-5 3
+4 3
+1 3
-1 3
+1 6
cfi=(29)
cfn=(80)
calls=3 212 
* 44
* 6
+2 3
+13 6
+6 1
+2 7
+3 2
-3 14
+3 4
+9 3
-7 3
+4 3
+3 15
+2 1
-2 3
+2 15
-2 45
+16 6
-5 3
+5 3
-6 3
+6 3
-6 3
+6 6
+2 4
+3 4
-3 4
+7 8
+4 4
+8 2
+3 2
+10 3
-10 4
+10 6
+2 2
+21 2
-21 2
cfi=(22)
cfn=(60)
calls=2 41 
* 70
* 6
+17 2
-13 6
+50 6
cfi=(29)
cfn=(128)
calls=2 -46 
* 34
* 2
+5 4
+1 4
-1 80
+1 80
+2 4
+3 2
+3 2
+4 27
131 8
-12 4
+34 1
+7 4
+8 8
fi=(28)
56 4
cfi=(27)
cfn=(76)
calls=2 -21 
* 50
* 2
fe=(26)
200 8
64 2
+2 3
+1 2
+10 5
-6 2

fn=(82)
31 6
+2 3
-2 6
+2 3
-2 6
+2 3
cfi=(24)
cfn=(84)
calls=3 +9 
* 9
+2 23
+3 20
+2 2
+2 2
+4 2
+4 2
-4 4
+1 2
+4 2
-4 2
+1 2
+3 2
-3 2
+3 2
-1 2
cfi=(24)
cfn=(84)
calls=2 -8 
* 6
-4 1
+4 1
-4 2
+1 1
+4 1
-4 1
+1 1
+3 1
-3 1
+3 1
-1 1
cfi=(24)
cfn=(84)
calls=1 -8 
* 3
-5 2

fl=(10)
fn=(18)
282 9
-9 7
71 125
+6 40
-3 40
+3 3460
-3 40
-3 80
357 8
81 80
+5 120
fi=(11) ./elf/./elf/dl-tunables.h
+54 40
fe=(10)
-54 40
fi=(11)
+54 40
+1 102
-1 77
+1 22
-1 40
+1 80
fe=(10)
323 160
-18 5600
+6 8800
fi=(11)
140 360
+1 720
-1 19
+1 76
-1 95
fe=(10)

fn=(54)
157 15
-55 5
+55 5
-55 5
+55 5
-55 35
+9 5
+1 5
fi=(216) ./elf/./dl-tunable-types.h
-22 10
fe=(10)
+22 20
+1 40
fi=(11)
+8 10
+1 5
fe=(10)
-6 15
fi=(11)
+15 5
fe=(10)
-12 10
+4 10
+7 10
+1 10
+3 30
+1 5
+1 5
+1 5
+24 5
fi=(11)
-30 15
fe=(10)

fn=(24)
405 33
+3 231
+9 33
-9 126
+9 10
+17 165
+2 33
-9 23
+1 23

fl=(60)
fn=(194)
47 24
+3 24
+8 48
+2 12

fl=(2)
fn=(156) handle_preload_list
894 10
+5 1
-5 2
+5 2
+6 1
-64 1
+54 3
+7 3
cfi=(50)
cfn=(158)
calls=1 25 
* 233
* 1
+1 3
+9 1
191 1
914 2
191 2
916 2
-80 1
+5 5
-10 1
+8 1
-4 1
+1 1
+1 1
+4 1
cob=(2)
cfi=(51)
cfn=(160)
calls=1 0 
* 2784
+1 3
+8 3
+67 1
-18 2
+21 9
-15 4
cfi=(29)
cfn=(80)
calls=1 212 
* 19
+1 2

fn=(170)
663 2
+2 1
-2 1
+2 1
+1 2
-1 2
+1 3
cfi=(31)
cfn=(172)
calls=1 2022 
* 2683
* 1
+2 2

fn=(252)
696 3
+2 4
cfi=(75)
cfn=(254)
calls=1 361 
* 4125
* 2
+4 2

fn=(64)
1320 2
205 1
311 1
1320 2
2818 1
1320 3
2829 1
1320 2
2698 1
1320 2
311 1
1320 3
207 1
310 1
205 1
+99 3
1332 1
cfi=(24)
cfn=(66)
calls=1 53 
* 17
2677 3
+6 5
-4 1
+4 1
+2 3
cfi=(25)
cfn=(68)
calls=1 28 
* 41
* 4
cfi=(25)
cfn=(68)
calls=2 28 
* 234
* 9
+4 6
-2 2
+2 6
+1 2
-1 6
+1 17
-1 89
+9 12
2845 4
+32 2
1348 1
+1 2
-1 2
+1 2
2774 3
+1 3
-56 2
+7 2
1627 9
cfi=(26)
cfn=(70)
calls=1 59 
* 230
* 1
+2 2
+1 1
+6 2
-6 1
+1 2
+1 3
+4 1
cfi=(26)
cfn=(82)
calls=1 31 
* 36
+1 2
1140 1
1326 1
1169 1
-29 1
+11 1
+18 2
-21 1
+21 1
-19 1
-4 1
+23 1
-21 1
+21 2
+57 1
-83 1
+23 1
+4 1
+19 1
+22 1
+15 5
-56 116
1275 4
+2 1
1169 18
fi=(30)
105 2
fe=(2)
1282 22
+6 4
cfi=(31)
cfn=(88)
calls=1 868 
* 20
-7 26
+1 13
+6 13
-6 26
fi=(30)
212 4
+1 2
95 8
+10 2
212 1
105 1
-2 1
-3 1
+2 1
+3 1
-4 2
+92 4
-1 1
-87 3
+3 3
+1 2
+1 2
+4 3
+4 3
+3 3
+1 2
+4 1
+1 4
+58 3
+2 4
-56 4
+1 2
+3 4
+3 2
+1 8
+5 4
+2 4
+5 4
+14 2
-1 4
+2 2
fe=(2)
1174 1
-5 1
+5 2
-5 2
+30 1
-9 1
+27 1
-27 1
+2 1
-3 1
+10 2
-20 2
-10 1
+10 1
+1 9
-11 2
+57 4
-1 4
+1 8
-1 4
+2 8
+1 1
+2 12
+1 14
+4 8
+1 8
+1 4
+1 10
+1 1
+4 1
-74 1
+74 2
-74 2
+74 3
-74 3
+74 6
-74 6
fi=(30)
165 2
fe=(2)
1271 1
1169 1
1271 1
1169 2
1294 1
+3 2
+2 1
-5 2
+3 2
+2 2
+2 2
1662 3
+2 1
-1 1
+1 2
+1 2
-2 1
+2 1
-2 2
cfi=(32)
cfn=(90)
calls=1 108 
* 34
* 2
+7 1
+3 1
-5 1
+3 1
+2 1
+1 2
+4 2
+2 2
fi=(3) ./elf/./get-dynamic-info.h
39 3
+6 1
-2 1
+2 2
+9 1
+5 1
+3 1
+2 1
-3 1
-3 1
-3 17
+13 5
-23 20
+23 21
-23 84
+4 52
+5 24
+2 5
+16 3
+25 3
+5 2
+7 2
+1 3
+22 3
+5 2
+2 2
+2 2
+2 2
+1 1
+3 3
+2 3
+1 2
+9 2
+6 2
+1 2
+3 2
fe=(2)
1688 3
+7 2
cfi=(8)
cfn=(14)
calls=1 25 
* 29
+3 2
fi=(33) ./elf/./setup-vdso.h
24 2
fi=(35) ./elf/../sysdeps/unix/sysv/linux/dl-vdso-setup.h
+21 1
fe=(2)
1723 1
cfi=(13)
cfn=(100)
calls=1 46 
* 109
* 8
fi=(37) ./elf/./dl-main.h
109 5
cfi=(31)
cfn=(106)
calls=1 706 
* 2926
fe=(2)
1731 3
cfi=(46)
cfn=(146)
calls=1 56 
* 30
+7 1
-7 1
+2 1
+5 1
+4 1
+3 1
-3 3
+1 2
+3 1
+5 1
-7 1
+7 1
+1 3
+12 2
+1 2
+5 1
-3 2
+2 1
+1 2
+5 3
+1 5
-1 2
233 1
-1 1
+1 3
+1 2
-2 1
+2 2
1793 2
+5 1
-1 1
+1 1
+24 1
cfi=(47)
cfn=(148)
calls=1 197 
* 6
* 1
fi=(48) ./elf/../sysdeps/generic/dl-debug.h
29 3
+1 2
fe=(2)
1828 2
+1 1
cfi=(46)
cfn=(152)
calls=1 116 
* 2
+1 1
+4 3
cfi=(49)
cfn=(154)
calls=1 28 
* 16
+5 3
+2 1
+2 2
+9 2
+16 4
cfi=(65)
cfn=(208)
calls=1 25 
* 9
* 2
+76 4
+16 3
85 1
1970 1
85 2
1970 2
85 1
1970 5
cfi=(66)
cfn=(210)
calls=1 159 
* 8233
92 1
1976 1
92 2
+9 2
1976 2
+1 5
-1 4
+1 6
-1 12
+4 4
+1 3
+1 1
+2 2
+1 4
-1 9
+1 9
+12 3
+1 2
+2 1
+2 3
+2 1
-4 1
+5 1
-1 2
+14 2
+1 2
+1 3
+11 2
+2 1
-2 1
+2 2
-2 1
+1 2
+1 1
-1 2
+1 1
cfi=(52)
cfn=(250)
calls=1 238 
* 4153
+10 2
+1 2
+3 2
862 1
fi=(217) ./elf/../sysdeps/unix/sysv/linux/dl-osinfo.h
64 2
fe=(2)
864 1
+6 1
+3 1
+7 1
-5 1
2052 3
2282 3
1778 2
+6 1
-6 2
+6 1
+2 3
fi=(30)
198 4
+2 1
+1 1
+2 1
-3 3
+3 1
fi=(3)
59 4
+3 4
+2 4
fi=(34) ./elf/../sysdeps/unix/sysv/linux/dl-vdso.h
-24 1
+1 2
fe=(2)
2331 1
1325 1
2342 1
-4 2
+10 1
-6 1
+6 1
+3 2
+8 1
fi=(30)
36 1
fe=(2)
2359 1
fi=(30)
37 3
+3 1
+13 6
-13 3
+9 6
-9 1
+9 20
+4 15
-16 12
+34 3
cfi=(77)
cfn=(270)
calls=1 252 
* 30
fe=(2)
2361 2
+54 3
+3 1
85 4
2422 1
+1 19
+2 8
+5 8
+2 8
+6 4
+2 12
+1 24
cfi=(78)
cfn=(272)
calls=3 194 
* 81138
+4 10
+1 2
-23 1
+23 1
cfi=(47)
cfn=(412)
calls=1 1015 
* 28
-23 6
92 3
+1 1
2454 1
93 1
2454 1
+5 4
+2 1
+7 3
cfi=(47)
cfn=(414)
calls=1 528 
* 146
+3 2
fi=(3)
72 2
+10 3
+1 4
+1 4
+1 4
+2 4
+5 4
+1 4
+1 5
fi=(35)
-64 3
+3 1
+3 1
+3 1
fi=(34)
+16 2
fe=(2)
2434 1
+1 1
-3 2
+49 3
+2 4
+10 1
cfi=(129)
cfn=(416)
calls=1 561 
* 571
+5 2
cfi=(7)
cfn=(424)
calls=1 76 
* 2372
+3 1
cfi=(133)
cfn=(432)
calls=1 30 
* 415
85 1
2507 1
+1 3
85 3
2508 2
cfi=(78)
cfn=(272)
calls=1 194 
* 4806
92 3
+9 2
2516 3
cfi=(135)
cfn=(438)
calls=1 27 
* 1309
+7 1
cfi=(9)
cfn=(464)
calls=1 262 
* 2
+4 3
cfi=(49)
cfn=(466)
calls=1 40 
* 21
+5 2
cfi=(46)
cfn=(186)
calls=1 38 
* 7
+1 1
-1 1
+2 1
cfi=(46)
cfn=(152)
calls=1 116 
* 2
+1 1
+4 1
cfi=(68)
cfn=(468)
calls=1 537 
* 18
+5 8
1741 4
1995 2
+50 2
cfn=(258) init_tls
calls=1 756 
* 784
* 2
2726 4
+2 2
+1 1
+46 2
+2 1
+1 1
-1 1
+1 1
+1 1
85 1
1847 1
85 2
1847 1
85 1
1847 2
cfn=(156)
calls=1 894 
* 3107
* 1
92 3
+9 3
1948 16
+1 1
-1 1
+4 3
+1 1
+1 2
+1 2
-7 2
fi=(30)
170 3
-39 2
fe=(2)

fn=(258)
756 3
+2 1
+4 1
-4 1
+4 2
+11 1
fi=(28)
44 1
fe=(2)
768 1
+4 1
fi=(28)
44 1
cfi=(27)
cfn=(72)
calls=1 +34 
* 36
fe=(2)
783 1
-12 1
+6 1
-9 1
+11 1
+4 1
+2 3
-1 2
+3 8
+4 1
+2 1
-2 2
-5 1
-1 2
+10 3
+3 2
cfi=(47)
cfn=(260)
calls=1 97 
* 79
+3 1
cfi=(47)
cfn=(262)
calls=1 221 
* 76
+7 1
cfi=(47)
cfn=(264)
calls=1 422 
* 442
* 1
+1 2
+6 1
+3 2
-3 1
+3 6
+3 1
cfi=(24)
cfn=(266)
calls=1 68 
* 75
+1 1
+3 5
-39 3
-1 7

fn=(2)
527 10
85 1
fi=(6)
-40 1
fe=(2)
557 1
-4 1
85 2
556 1
85 1
fi=(3)
-40 1
fe=(2)
556 1
fi=(3)
45 2
+9 1
+5 1
+3 1
+2 1
+4 1
-7 1
-3 1
-3 14
+13 4
-23 16
+23 14
-23 56
+4 36
+5 20
+2 5
+3 4
fi=(4)
+21 1
fi=(3)
-8 3
+10 4
+1 4
+1 4
+1 4
+2 4
+5 4
+1 4
+1 4
+3 3
+5 2
+7 3
+1 3
+8 2
+1 2
+5 3
+3 3
fe=(2)
573 1
fi=(6)
71 1
fe=(2)
573 42
fi=(6)
414 1
fi=(5)
86 1
fe=(2)
573 2
fi=(5)
49 1
+37 1
-37 1
+37 1
+2 1
-2 1
+2 1
-2 1
+27 2
-27 1
fe=(2)
573 2
fi=(5)
49 1
+37 1
-37 1
+37 1
+2 1
-2 1
+2 1
-2 1
+27 3
+1 2
fi=(6)
534 2
fi=(5)
114 282
fi=(6)
534 282
+1 142
fi=(5)
113 142
fi=(6)
535 284
fi=(5)
113 284
+5 4
+8 7
fi=(6)
326 12
fi=(5)
126 21
+2 7
+2 7
-2 7
fi=(6)
287 7
fi=(5)
130 7
-2 7
+1 14
fi=(6)
287 14
+9 70
+3 14
+27 33
fe=(2)
573 6
fi=(5)
50 1
fi=(4)
+30 2
fi=(6)
326 2
+20 12
+1 6
fe=(2)
575 1
+13 1
cfi=(7)
cfn=(12)
calls=1 42 
* 10
+4 2
85 1
488 2
85 3
488 1
cfi=(8)
cfn=(14)
calls=1 25 
* 29
+2 2
-1 1
+1 2
+17 1
-15 1
-2 1
+17 1
-15 1
+9 1
-11 1
+17 1
cfi=(9)
cfn=(16)
calls=1 85 
* 140649
* 1
+2 2
+98 9
fi=(3)
62 4
+2 4
fe=(2)
573 3

fl=(141)
fn=(456)
67 2
+5 2
+3 2
+2 2
+10 2
+6 2
+1 2
+1 2
+1 2
+1 2
+1 2
+1 2
+4 2
+1 2
+3 2
+1 2
+2 2
+1 2
+1 2
+1 2
+1 2
+1 2
+2 2
+7 2
+1 2
+1 2
cfi=(142)
cfn=(458)
calls=2 -80 
* 1555
+1 2
+5 2
+1 2
+1 2
+2 2
+1 2
+1 2
+1 2
+1 2
+1 2
+1 2
+2 2
+2 2
+4 2
+2 2

totals: 5756078
