# callgrind format
version: 1
creator: callgrind-3.18.1
pid: 26679
cmd:  ./Bakery_veloce3
part: 1


desc: I1 cache: 
desc: D1 cache: 
desc: LL cache: 

desc: Timerange: Basic block 0 - 3829382
desc: Trigger: Program termination

positions: line
events: Ir
summary: 10191551


ob=(5) /home/tia/Prog/Bakery_veloce3
fl=(150) ???
fn=(764) 0x0000000000001df0
0 5

fn=(508) (below main)
0 12
cob=(3) /usr/lib/x86_64-linux-gnu/libc.so.6
cfi=(151) ./csu/../csu/libc-start.c
cfn=(510) __libc_start_main@@GLIBC_2.34
calls=1 242 
0 10048405

fn=(520) 0x0000000000001ea0
0 12

fn=(748) 0x0000000000001e60
0 9
cob=(2) ???
cfi=(51) ???
cfn=(754) 0x0000000000109100
calls=1 0 
0 74
0 1
cfn=(764)
calls=1 0 
0 5
0 3

fl=(157) /home/tia/Prog/Bakery_veloce3.c
fn=(704) check_wo
1013 160
+3 20
-3 120
+6 40
-2 54
+38 564
+4 405
+27 285
-67 956
+1 541
+2 541
+2 2164
+2 353
+3 2471
cob=(2)
cfi=(51)
cfn=(664) 0x0000000000109170
calls=353 0 
* 8119
* 706
+2 1412
+24 74
-10 74
+10 196
+8 192
-2 48
+2 48
cfn=(674) check_ingred
calls=48 +28 
* 7294
* 832
-2 208
+2 208
cfn=(674)
calls=208 +28 
* 104264
* 512
+11 270
+4 63
+5 63
-5 126
+1 63
-60 126
+70 160
-24 484
cfn=(706) remove_order
calls=121 599 
* 1637
+3 484
cfn=(708) move_order
calls=121 533 
* 3247
+3 242
+12 121
-12 121
cfn=(710) decrease_ingr
calls=121 1175 
* 65631
* 121
+4 144
+8 72
-8 72
cfn=(676) insert_name_check
calls=72 1282 
* 5543
* 72

fn=(728) delete_recipe
721 20
+2 12
+7 4
+13 8
cob=(2)
cfi=(51)
cfn=(688) 0x0000000000109110
calls=4 0 
* 364
+1 8
cob=(2)
cfi=(51)
cfn=(688)
calls=4 0 
* 364
+1 8
cob=(2)
cfi=(51)
cfn=(688)
calls=4 0 
* 364
+2 4
-1 4
+1 8
-1 4
cob=(2)
cfi=(51)
cfn=(688)
calls=4 0 
* 364
-22 12

fn=(712) insert_van
682 165
+1 495
+7 310
-1 1407
+1 6976
+2 26
+1 26
+1 26
+25 26
-22 134
+8 258
+7 114
+1 114
+1 114
+1 114
+4 114
-35 10
+1 10
+1 20
+12 345
+8 15
+1 15
+1 15
-1 15
+2 30

fn=(672) check_ro
1212 3348
+3 186
-3 186
+5 186
-5 186
+5 558
+2 113
+3 791
cob=(2)
cfi=(51)
cfn=(664)
calls=113 0 
* 2599
* 226
+2 339
+49 261
+1 33
+1 66
519 261
+7 174
+1 87
+1 87
-1 87
+2 87
1280 769
-30 365
cfn=(674)
calls=73 1091 
* 39766
* 130
cfn=(674)
calls=26 1091 
* 6638
* 198
519 165
+7 100
+1 50
+1 50
-1 50
+2 50
1262 110
+4 48
+14 192
519 132
+7 120
+1 40
+1 40
-1 40
+2 40
1256 40
+24 40
-24 40
+24 240
-24 40
cfn=(710)
calls=40 -81 
* 19342
* 4
+24 4
-24 4
+24 24
-24 4
cfn=(710)
calls=4 -81 
* 1432
-17 52
+24 31
+17 31
-17 31
+17 186
-17 31
cfn=(676)
calls=31 +19 
* 4587
520 4
+1 8
+1 4
+1 8
-3 5
+1 5
+1 5
+1 10

fn=(708)
533 121
+2 363
+7 115
+16 230
-16 230
+16 221
+6 57
-6 114
+1 632
+8 303
+1 124
+1 52
+1 52
+1 52
+1 104
-29 12
+1 5
+1 10
+1 5
+1 10
-11 6
+1 6
+1 6
+1 12
+28 16
+15 24
+7 44
+1 44
+1 88
+1 44
+5 44
-47 1
+1 2
+1 1
+1 2
+30 3
+1 3
+1 3
+1 16
-10 10
-1 10
+1 10
+1 20
+1 20

fn=(710)
1175 1320
+2 165
+2 330
+7 1412
+2 1412
cob=(2)
cfi=(51)
cfn=(688)
calls=706 0 
* 64829
-9 1412
+2 1496
+1 3740
+18 42
-1 42
+1 42
-1 84
+4 80
+3 80
+1 40
+2 40
cob=(2)
cfi=(51)
cfn=(688)
calls=40 0 
* 4016
* 2
cob=(2)
cfi=(51)
cfn=(688)
calls=2 0 
* 182
-21 84
cob=(2)
cfi=(51)
cfn=(688)
calls=42 0 
* 3902
-9 84
+11 165
+1 165
+1 165
+1 990
+7 4
+4 80

fn=(540) main
92 945
+3 1
-3 3
+3 2
-1 2
+1 1
cob=(2)
cfi=(51)
cfn=(542) 0x00000000001091c0
calls=1 -95 
* 3698
* 2
+21 2
+3 2
-3 1
-14 1
+20 1
-19 1
+13 257
+3 1
-15 1
+15 2
-14 1
+14 1
cob=(2)
cfi=(51)
cfn=(610) 0x0000000000109160
calls=1 0 
* 240019
+1 6
cob=(2)
cfi=(51)
cfn=(610)
calls=1 0 
* 240019
+1 6
cob=(2)
cfi=(51)
cfn=(610)
calls=1 0 
* 240019
+1 4
cob=(2)
cfi=(51)
cfn=(610)
calls=1 0 
* 240019
-13 1
fi=(178) /usr/include/x86_64-linux-gnu/bits/stdio.h
-60 2
cob=(2)
cfi=(51)
cfn=(614) 0x00000000001091d0
calls=1 -49 
* 21
* 540
cob=(2)
cfi=(51)
cfn=(614)
calls=270 -49 
* 5670
* 271
fe=(157)
+76 271
+4 271
-4 542
+4 1622
+33 516
+6 270
+1 4340
+1 1900
-1 1900
fi=(178)
49 5700
cob=(2)
cfi=(51)
cfn=(614)
calls=1900 -49 
* 39900
* 810
cob=(2)
cfi=(51)
cfn=(614)
calls=270 -49 
* 5670
fe=(157)
169 4340
+5 270
-2 270
+2 270
-2 270
+2 1155
+53 1470
+47 675
+36 410
+84 540
176 890
+1 445
-1 445
fi=(178)
49 1335
cob=(2)
cfi=(51)
cfn=(614)
calls=445 -49 
* 9345
* 75
cob=(2)
cfi=(51)
cfn=(614)
calls=25 -49 
* 525
fe=(157)
176 940
+4 25
511 100
-2 25
+3 50
+1 25
-1 75
-1 75
+1 840
+1 420
-1 1260
-1 1260
+4 225
186 133
fi=(183) /usr/include/x86_64-linux-gnu/bits/stdio2.h
-74 8
cob=(2)
cfi=(51)
cfn=(648) 0x0000000000109130
calls=4 0 
* 620
* 4
fe=(157)
223 1178
fi=(178)
49 1178
cob=(2)
cfi=(51)
cfn=(614)
calls=589 -49 
* 12369
fe=(157)
223 1178
+7 60
+1 290
-1 290
fi=(178)
49 580
cob=(2)
cfi=(51)
cfn=(614)
calls=290 -49 
* 6090
* 40
cob=(2)
cfi=(51)
cfn=(614)
calls=20 -49 
* 420
fe=(157)
230 310
+1 310
-1 3100
+5 20
-2 20
+2 40
cfn=(726) check_recipe
calls=20 749 
* 3854
* 20
+2 40
+6 36
+11 36
-11 175
+5 294
-5 456
+1 324
cob=(2)
cfi=(51)
cfn=(664)
calls=81 0 
* 1863
* 478
cob=(2)
cfi=(51)
cfn=(664)
calls=79 0 
* 1847
* 158
fi=(183)
112 24
cob=(2)
cfi=(51)
cfn=(648)
calls=12 0 
* 1836
* 12
fe=(157)
246 12
+2 24
+6 63
+5 32
-5 96
+1 76
cob=(2)
cfi=(51)
cfn=(664)
calls=19 0 
* 473
* 114
cob=(2)
cfi=(51)
cfn=(664)
calls=19 0 
* 461
* 76
fi=(183)
112 4
cob=(2)
cfi=(51)
cfn=(648)
calls=2 0 
* 306
fe=(157)
257 2
+2 38
+5 32
+1 12
cfn=(728)
calls=4 721 
* 1548
fi=(183)
112 8
cob=(2)
cfi=(51)
cfn=(648)
calls=4 0 
* 628
* 4
fe=(157)
+18 39
+6 10
-2 10
+9 175
-5 495
+1 165
+4 495
-3 165
+3 165
cfn=(706)
calls=165 599 
* 2125
+4 495
cfn=(712)
calls=165 682 
* 10894
-9 330
+14 30
+1 165
fi=(183)
-41 1155
cob=(2)
cfi=(51)
cfn=(714) 0x00000000001091b0
calls=165 0 
* 214601
fe=(157)
+43 330
+1 165
cob=(2)
cfi=(51)
cfn=(688)
calls=165 0 
* 17376
-4 330
+10 26
+3 494
-56 2
403 120000
+2 8
-1 16
+6 12
+3 12
+1 12
cob=(2)
cfi=(51)
cfn=(688)
calls=6 0 
* 651
-1 18
+1 18
cob=(2)
cfi=(51)
cfn=(688)
calls=9 0 
* 987
+1 30
cob=(2)
cfi=(51)
cfn=(688)
calls=15 0 
* 1638
-4 30
+11 120000
+2 17
+1 17
-2 34
+33 120000
+1 24
+16 90000
+1 20
-75 89970
+93 1
+1 2
+2 42
+1 21
cob=(2)
cfi=(51)
cfn=(688)
calls=21 0 
* 2310
-3 42
+7 1
+1 2
+5 12
405 2
cob=(2)
cfi=(51)
cfn=(688)
calls=2 0 
* 224
+1 4
cob=(2)
cfi=(51)
cfn=(688)
calls=2 0 
* 224
* 2
+52 24
cob=(2)
cfi=(51)
cfn=(688)
calls=12 0 
* 1344
* 12
+17 10
-76 10
+76 10
cob=(2)
cfi=(51)
cfn=(688)
calls=10 0 
* 1099
-76 20
+26 17
+1 17
+2 34
+1 34
cob=(2)
cfi=(51)
cfn=(688)
calls=17 0 
* 1881
-1 136
+1 136
cob=(2)
cfi=(51)
cfn=(688)
calls=68 0 
* 7616
+1 170
cob=(2)
cfi=(51)
cfn=(688)
calls=85 0 
* 9499
-4 170
+6 34
cob=(2)
cfi=(51)
cfn=(688)
calls=17 0 
* 1883
+1 34
cob=(2)
cfi=(51)
cfn=(688)
calls=17 0 
* 1904
* 17
fi=(178)
49 494
cob=(2)
cfi=(51)
cfn=(614)
calls=247 -49 
* 5345
fe=(157)
163 494
+55 84
cfn=(620) insert_new_rec
calls=21 658 
* 139909
fi=(183)
112 42
cob=(2)
cfi=(51)
cfn=(648)
calls=21 0 
* 3682
* 21
fe=(157)
274 80
+3 100
cfn=(678) delete_expired
calls=20 783 
* 3605271
+4 120
cfn=(680) refill
calls=20 885 
* 203204
fi=(183)
112 40
cob=(2)
cfi=(51)
cfn=(648)
calls=20 0 
* 3100
fe=(157)
285 40
+1 1800000
+1 182
+13 91
-15 1800000
+21 180
cfn=(704)
calls=20 1013 
* 211723
* 60
+4 1025
+2 6642
+1 3321
-1 3321
fi=(178)
49 9963
cob=(2)
cfi=(51)
cfn=(614)
calls=3321 -49 
* 69741
* 615
cob=(2)
cfi=(51)
cfn=(614)
calls=205 -49 
* 4305
fe=(157)
312 7052
+3 205
511 820
-2 205
+3 410
+1 205
-1 615
-1 615
+1 6232
+1 3116
-1 9348
-1 9348
+4 1845
322 1192
fi=(183)
112 38
cob=(2)
cfi=(51)
cfn=(648)
calls=19 0 
* 2945
fi=(178)
-63 118
cob=(2)
cfi=(51)
cfn=(614)
calls=59 -49 
* 1239
fe=(157)
390 137
fi=(183)
112 6
cob=(2)
cfi=(51)
cfn=(648)
calls=3 0 
* 459
* 7
cob=(2)
cfi=(51)
cfn=(648)
calls=2 0 
* 310
* 2
fe=(157)
288 182
cob=(2)
cfi=(51)
cfn=(688)
calls=91 0 
* 8651
* 91
+56 186
+11 372
+1 278
-1 278
fi=(178)
49 556
cob=(2)
cfi=(51)
cfn=(614)
calls=278 -49 
* 5838
* 372
cob=(2)
cfi=(51)
cfn=(614)
calls=186 -49 
* 4065
fe=(157)
356 464
-1 1764
+3 186
fi=(182) /usr/include/stdlib.h
+6 372
fe=(157)
-2 186
fi=(182)
+2 372
cob=(2)
cfi=(51)
cfn=(640) 0x0000000000109180
calls=186 0 
* 21836
fe=(157)
-1 186
fi=(182)
+1 186
fe=(157)
-1 186
+2 186
+1 186
+1 372
-2 625
+1 625
+1 1250
+3 186
+7 186
-7 186
cob=(2)
cfi=(51)
cfn=(622) 0x00000000001091a0
calls=186 0 
* 20754
+8 186
+5 372
-10 186
+4 186
+1 186
+1 186
-8 186
+1 186
+2 186
+1 186
+1 186
+7 2046
cfn=(672)
calls=186 1212 
* 85166
fi=(183)
112 558
cob=(2)
cfi=(51)
cfn=(648)
calls=186 0 
* 28830
* 186
fe=(157)
+74 12
cob=(2)
cfi=(51)
cfn=(664)
calls=4 0 
* 92
* 8
+8 4
+1 12
322 558
cob=(2)
cfi=(51)
cfn=(664)
calls=186 0 
* 4320
* 372
+8 186
+1 558
-77 2

fn=(726)
749 140
511 60
-2 40
+3 40
+1 20
-1 60
-1 60
+1 540
+1 270
-1 810
-1 810
+4 160
754 80
+3 36
+24 140
-24 54
cob=(2)
cfi=(51)
cfn=(664)
calls=18 0 
* 426
* 36
+4 18
+2 54

fn=(634) save_ingr_rec
621 84
515 21
621 345
+6 4046
+1 2023
-1 2023
fi=(178)
49 4046
cob=(2)
cfi=(51)
cfn=(614)
calls=2023 -49 
* 42483
* 198
cob=(2)
cfi=(51)
cfn=(614)
calls=99 -49 
* 2238
fe=(157)
627 4244
+3 99
+3 198
cob=(2)
cfi=(51)
cfn=(622)
calls=99 0 
* 15111
+1 99
-1 99
+1 99
cob=(2)
cfi=(51)
cfn=(624) 0x0000000000109140
calls=99 0 
* 1584
* 297
cob=(2)
cfi=(51)
cfn=(622)
calls=99 0 
* 11815
fi=(180) /usr/include/x86_64-linux-gnu/bits/string_fortified.h
79 297
fe=(157)
634 99
fi=(180)
79 99
cob=(2)
cfi=(51)
cfn=(630) 0x0000000000109190
calls=99 -79 
* 1323
* 99
fe=(157)
511 297
-2 198
+3 198
+1 99
-1 297
-1 297
+1 3848
+1 1924
-1 5772
-1 5772
+4 792
636 99
+2 297
+6 156
+1 78
+1 156
+1 156
509 198
650 900
+1 143
-1 143
fi=(178)
49 286
cob=(2)
cfi=(51)
cfn=(614)
calls=143 -49 
* 3003
* 198
cob=(2)
cfi=(51)
cfn=(614)
calls=99 -49 
* 2079
* 242
fe=(157)
651 484
-1 484
+3 78
fi=(182)
364 312
cob=(2)
cfi=(51)
cfn=(640)
calls=78 0 
* 9089
* 78
fe=(157)
626 78
+27 21
fi=(182)
364 63
fe=(157)
626 21
fi=(182)
364 21
cob=(2)
cfi=(51)
cfn=(640)
calls=21 0 
* 2439
* 21
fe=(157)
626 105
+30 168
-17 21
+1 21
+1 42

fn=(676)
1282 309
+2 103
-2 309
+2 103
cob=(2)
cfi=(51)
cfn=(622)
calls=103 0 
* 7658
+1 103
+1 103
-1 103
+2 103
+1 515
+1 103
+1 103
+1 103
+9 412

fn=(680)
885 240
+5 20
-5 206
+7 4272
+1 2136
-1 2136
fi=(178)
49 4272
cob=(2)
cfi=(51)
cfn=(614)
calls=2136 -49 
* 45015
* 206
cob=(2)
cfi=(51)
cfn=(614)
calls=103 -49 
* 2163
fe=(157)
892 4478
+3 103
+2 103
+3 103
-3 103
cob=(2)
cfi=(51)
cfn=(624)
calls=103 0 
* 1648
* 309
cob=(2)
cfi=(51)
cfn=(622)
calls=103 0 
* 8200
fi=(180)
79 309
fe=(157)
897 103
fi=(180)
79 103
cob=(2)
cfi=(51)
cfn=(630)
calls=103 -79 
* 1369
fe=(157)
900 103
+1 327
-1 327
fi=(178)
49 654
cob=(2)
cfi=(51)
cfn=(614)
calls=327 -49 
* 6867
* 206
cob=(2)
cfi=(51)
cfn=(614)
calls=103 -49 
* 2163
fe=(157)
901 860
-1 860
+3 103
fi=(182)
364 309
fe=(157)
906 103
fi=(182)
364 103
cob=(2)
cfi=(51)
cfn=(640)
calls=103 0 
* 15380
* 103
fe=(157)
906 1997
+1 309
-1 309
fi=(178)
49 618
cob=(2)
cfi=(51)
cfn=(614)
calls=309 -49 
* 6489
* 206
cob=(2)
cfi=(51)
cfn=(614)
calls=103 -49 
* 2163
fe=(157)
907 824
-1 907
+3 83
fi=(182)
364 332
cob=(2)
cfi=(51)
cfn=(640)
calls=83 0 
* 12118
fe=(157)
909 20
fi=(182)
364 80
cob=(2)
cfi=(51)
cfn=(640)
calls=20 0 
* 2920
fe=(157)
511 103
fi=(182)
364 206
fe=(157)
511 309
-2 206
+3 206
+1 103
-1 309
-1 309
+1 4066
+1 2033
-1 6099
-1 6099
+4 824
914 103
+58 103
515 103
914 618
+20 399
+5 22
-5 66
+1 196
+42 81
+1 3
cob=(2)
cfi=(51)
cfn=(664)
calls=1 0 
* 27
* 2
+12 52
cob=(2)
cfi=(51)
cfn=(622)
calls=26 0 
* 3186
+1 26
-1 26
+1 26
cob=(2)
cfi=(51)
cfn=(622)
calls=26 0 
* 2178
* 26
fi=(180)
79 52
fe=(157)
991 52
fi=(180)
79 26
cob=(2)
cfi=(51)
cfn=(630)
calls=26 -79 
* 346
fe=(157)
993 52
cob=(2)
cfi=(51)
cfn=(688)
calls=26 0 
* 2366
+1 52
+9 52
-9 26
+1 26
+8 26
-7 26
+7 26
-8 26
+3 26
+1 26
-1 26
+2 52
+1 26
+2 26
cfn=(696) insert_update_im
calls=26 810 
* 1592
+4 618
+1 45
890 369
1011 160
-95 30
cob=(2)
cfi=(51)
cfn=(622)
calls=15 0 
* 2115
+1 15
-1 15
+1 15
cob=(2)
cfi=(51)
cfn=(622)
calls=15 0 
* 2071
fi=(180)
79 30
fe=(157)
917 30
fi=(180)
79 15
cob=(2)
cfi=(51)
cfn=(630)
calls=15 -79 
* 203
fe=(157)
919 30
cob=(2)
cfi=(51)
cfn=(688)
calls=15 0 
* 1365
+1 15
+2 15
+3 15
-5 15
+1 15
+5 15
-5 15
+3 30
+62 75
cfn=(696)
calls=15 810 
* 3460
* 270
cfn=(696)
calls=54 810 
* 3088
* 69
-96 60
+53 154
+1 24
cob=(2)
cfi=(51)
cfn=(664)
calls=8 0 
* 188
* 16
+10 16
+1 40
cfn=(696)
calls=8 810 
* 456
* 8
+4 159
cob=(2)
cfi=(51)
cfn=(622)
calls=53 0 
* 6814
+1 53
-1 53
+1 53
cob=(2)
cfi=(51)
cfn=(622)
calls=53 0 
* 5765
fi=(180)
79 106
fe=(157)
960 106
fi=(180)
79 53
cob=(2)
cfi=(51)
cfn=(630)
calls=53 -79 
* 701
fe=(157)
962 106
cob=(2)
cfi=(51)
cfn=(688)
calls=53 0 
* 4823
+1 53
+4 53
-2 53
-2 53
+1 106
+3 53
+1 53
-1 53
+2 106
+1 53
+2 53
+13 3
-8 52

fn=(620)
658 63
+3 21
-3 126
+3 21
cob=(2)
cfi=(51)
cfn=(622)
calls=21 0 
* 2241
+3 21
-1 21
-2 21
+6 21
-5 21
+2 21
cob=(2)
cfi=(51)
cfn=(624)
calls=21 0 
* 336
* 63
cob=(2)
cfi=(51)
cfn=(622)
calls=21 0 
* 1939
fi=(180)
79 42
fe=(157)
664 42
fi=(180)
79 21
cob=(2)
cfi=(51)
cfn=(630)
calls=21 -79 
* 289
fe=(157)
667 84
+12 42
+1 105
-1 21
cfn=(634)
calls=21 -58 
* 134243
-11 21
+1 21
+1 42

fn=(678)
783 220
+5 1799625
+1 1800444
-1 375
+20 120
-9 60
+6 160
-12 105
+6 10
+1 10
1200 5
+9 5
cob=(2)
cfi=(51)
cfn=(688)
calls=5 0 
* 537
* 30
cob=(2)
cfi=(51)
cfn=(688)
calls=30 0 
* 2980
+1 70
800 60
1206 60
+1 60
797 5
+4 5
1200 5
-1 5
+1 5
-1 10
801 30
1200 30
-1 30
+1 30
-1 60
+4 60
800 60

fn=(696)
810 206
+2 103
-2 309
+2 103
-2 412
+2 103
-2 103
+2 206
+11 372
cob=(2)
cfi=(51)
cfn=(664)
calls=93 0 
* 2259
* 93
-1 186
+25 186
+36 744
-59 186
-11 20
cob=(2)
cfi=(51)
cfn=(622)
calls=10 0 
* 1458
+1 10
-1 10
+1 20
cob=(2)
cfi=(51)
cfn=(624)
calls=10 0 
* 160
* 20
cob=(2)
cfi=(51)
cfn=(622)
calls=10 0 
* 882
fi=(180)
79 10
fe=(157)
814 20
fi=(180)
79 10
cob=(2)
cfi=(51)
cfn=(700) 0x0000000000109120
calls=10 -79 
* 275
fe=(157)
816 10
+1 10
+1 10
-2 10
+4 10
+63 80

fn=(674)
1091 1775
+3 355
-3 1420
+6 355
-6 355
+2 355
-2 355
+2 355
-2 355
+2 710
+4 355
-3 710
+34 162
+39 775
+1 1550
-70 965
-1 1930
+1 3860
+2 3698
+24 993
+1 2422
-22 4785
cob=(2)
cfi=(51)
cfn=(664)
calls=933 0 
* 27111
* 1866
+1 1866
cob=(2)
cfi=(51)
cfn=(622)
calls=933 0 
* 58457
+1 933
+2 933
-2 933
+1 1866
+1 1866
+6 933
+2 1866
+5 1974
+1 1483
+10 319
+2 202
+1 101
cob=(2)
cfi=(51)
cfn=(688)
calls=101 0 
* 9191
-1 168
+1 84
cob=(2)
cfi=(51)
cfn=(688)
calls=84 0 
* 7644
-3 370
+6 440
+3 110
-3 110
+3 440
-3 8
+3 8
-3 8
+3 250
+4 109
-2 109
+2 327
cob=(2)
cfi=(51)
cfn=(664)
calls=109 0 
* 2507
* 436
+29 190
-8 190
+8 1330
-13 218
+1 218
+9 330
+3 165
-1 165
+1 1155
-42 162
+6 216

fn=(706)
599 286
+2 572
+1 858
+4 544
+4 540
+5 140
+1 70
+3 70
-17 32
+1 14
+1 28
+3 4
+1 4
+3 200
+1 400

ob=(2)
fl=(51)
fn=(478) 0x000000000483f000
0 6
cob=(4) /usr/libexec/valgrind/vgpreload_core-amd64-linux.so
cfi=(145) ???
cfn=(482) 0x0000000000001170
calls=1 0 
0 12
0 1
cob=(4)
cfi=(145)
cfn=(490) 0x00000000000012f0
calls=1 0 
0 5
0 2

fn=(720) 0x00000000048744d0
0 1320
cob=(3)
cfi=(190) ./string/../sysdeps/x86_64/multiarch/strchr-avx2.S
cfn=(722) __strchrnul_avx2
calls=660 51 
0 12540

fn=(782) 0x000000000483f040
0 2
cob=(3)
cfi=(198) ./stdlib/./stdlib/cxa_finalize.c
cfn=(756) __cxa_finalize
calls=1 30 
0 72

fn=(164) 0x0000000004002050
0 6
cob=(1) /usr/lib/x86_64-linux-gnu/ld-linux-x86-64.so.2
cfi=(52) ./elf/./elf/dl-error-skeleton.c
cfn=(166) _dl_catch_exception
calls=3 175 
0 9481

fn=(774) 0x000000000483f334
0 3
cob=(4)
cfi=(145)
cfn=(776) 0x00000000000010e0
calls=1 0 
0 105
0 2

fn=(516) 0x0000000000109000
0 7

fn=(668) 0x00000000048743e0
0 2524
cob=(3)
cfi=(181) ./string/../sysdeps/x86_64/multiarch/memmove-vec-unaligned-erms.S
cfn=(670) __mempcpy_avx_unaligned_erms
calls=1262 294 
0 21722

fn=(664)
0 4032
cob=(3)
cfi=(186) ./string/../sysdeps/x86_64/multiarch/strcmp-avx2.S
cfn=(666) __strcmp_avx2
calls=2016 83 
0 48260

fn=(700)
0 20
cob=(3)
cfi=(187) ./string/../sysdeps/x86_64/multiarch/strcpy-avx2.S
cfn=(702) __strcpy_avx2
calls=10 53 
0 255

fn=(450) 0x0000000004874650
0 38
cob=(1)
cfi=(10) ./elf/./elf/dl-tunables.c
cfn=(24) __tunable_get_val
calls=19 405 
0 391
cob=(1)
cfi=(141) ./elf/../sysdeps/x86_64/dl-trampoline.h
cfn=(456) _dl_runtime_resolve_xsave
calls=1 67 
0 813
0 5

fn=(500) 0x00000000048745f0
0 2
cob=(3)
cfi=(148) ./string/../sysdeps/x86_64/multiarch/strrchr-avx2.S
cfn=(502) __strrchr_avx2
calls=1 46 
0 46

fn=(526) 0x00000000048746d0
0 2
cob=(1)
cfi=(49) ./elf/./elf/dl-audit.c
cfn=(530) _dl_audit_preinit
calls=1 117 
0 5
cob=(1)
cfi=(141)
cfn=(456)
calls=1 67 
0 824
0 5

fn=(542)
0 2
cob=(3)
cfi=(158) ./stdio-common/./stdio-common/isoc99_scanf.c
cfn=(544) __isoc99_scanf
calls=1 25 
0 3696

fn=(614)
0 27102
cob=(3)
cfi=(177) ./libio/./libio/getc.c
cfn=(616) getc
calls=13551 34 
0 258104

fn=(648)
0 546
cob=(3)
cfi=(184) ./libio/./libio/ioputs.c
cfn=(650) puts
calls=273 33 
0 42170

fn=(652) 0x0000000004874490
0 876
cob=(3)
cfi=(179) ./string/../sysdeps/x86_64/multiarch/strlen-avx2.S
cfn=(626) __strlen_avx2
calls=438 50 
0 6132

fn=(754)
0 2
cob=(3)
cfi=(198)
cfn=(756)
calls=1 30 
0 72

fn=(624)
0 466
cob=(3)
cfi=(179)
cfn=(626)
calls=233 50 
0 3262

fn=(640)
0 982
cob=(3)
cfi=(173) ./stdlib/../stdlib/strtol.c
cfn=(642) strtol
calls=491 105 
0 62800

fn=(160) 0x0000000004002080
0 2
cob=(1)
cfi=(52)
cfn=(162) _dl_catch_error
calls=1 225 
0 2782

fn=(566) 0x0000000004874380
0 4
cob=(3)
cfi=(166) ./malloc/./malloc/malloc.c
cfn=(568) malloc
calls=2 3287 
0 1987

fn=(688)
0 3314
cob=(3)
cfi=(166)
cfn=(690) free
calls=1657 3352 
0 157264

fn=(714)
0 330
cob=(3)
cfi=(188) ./debug/./debug/printf_chk.c
cfn=(716) __printf_chk
calls=165 25 
0 214271

fn=(610)
0 8
cob=(3)
cfi=(176) ./string/../sysdeps/x86_64/multiarch/memset-vec-unaligned-erms.S
cfn=(612) __memset_avx2_unaligned_erms
calls=4 181 
0 960068

fn=(630)
0 634
cob=(3)
cfi=(181)
cfn=(632) __memcpy_avx_unaligned_erms
calls=317 307 
0 3597

fn=(622)
0 3546
cob=(3)
cfi=(166)
cfn=(568)
calls=1773 3287 
0 147098

fn=(770) 0x000000000010b5a4
0 4

ob=(1)
fl=(1) ???
fn=(0) 0x0000000000020290
0 2
cfi=(2) ./elf/./elf/rtld.c
cfn=(2) _dl_start
calls=1 527 
0 142742
0 14
cfi=(144) ./elf/./elf/dl-init.c
cfn=(474) _dl_init
calls=1 77 
0 373
0 3
cob=(5)
cfi=(150)
cfn=(508)
calls=1 0 
0 10048417

fl=(142) ./elf/./elf/dl-runtime.c
fn=(458) _dl_fixup
46 16
+2 10
+1 2
+6 2
fi=(202) ./elf/../sysdeps/x86_64/dl-runtime.h
-27 2
fe=(142)
+21 2
+5 2
+1 2
-6 2
+6 4
+1 2
+2 2
-2 2
+2 2
-2 10
+7 4
+4 4
+4 6
+4 6
+1 8
-7 8
+16 2
-1 2
+1 4
+10 20
cfi=(79) ./elf/./elf/dl-lookup.c
cfn=(280) _dl_lookup_symbol_x
calls=2 840 
* 1363
* 2
+4 10
+10 20
+15 8
+9 6
+26 6
fi=(6) ./elf/../sysdeps/x86_64/dl-machine.h
+70 2
fe=(142)
-66 12

fl=(73) ./malloc/./malloc/scratch_buffer_set_array_size.c
fn=(240) __libc_scratch_buffer_set_array_size
30 20
+4 2
+1 4
+11 2
-1 4
+18 8

fl=(12) ./elf/./elf/dl-sort-maps.c
fn=(248) dfs_traversal.part.0
140 64
+10 8
-2 8
+2 16
+2 20
+3 20
-3 40
+9 16
+15 24
+1 8
+1 48
-17 12

fn=(246) _dl_sort_maps
290 20
+8 2
-8 2
+8 4
+4 16
-79 4
-37 2
+37 2
-36 8
+1 2
-1 2
+1 2
-1 4
+1 6
-1 6
+1 6
-1 12
+36 30
+8 6
-3 2
+2 2
+1 2
-8 2
+5 2
+3 8
+2 18
+2 8
-90 40
cfn=(248)
calls=8 -5 
* 284
+93 16
+18 4
+13 2
+33 2
-26 8
cfi=(29) ./string/../sysdeps/x86_64/multiarch/memmove-vec-unaligned-erms.S
cfn=(80) memcpy
calls=2 -64 
* 22
* 2

fn=(22) _dl_sort_maps_init
281 2
+1 4
cfi=(10)
cfn=(24)
calls=1 405 
* 20
+2 3
-1 1
+2 2

fl=(22) ./string/../sysdeps/x86_64/multiarch/strlen-vec.S
fn=(60) strlen
41 16
+44 16
+1 16
+1 16
+1 16
+1 16
+1 16
+1 16
+2 16
+2 16
+31 15
+1 15
+1 15
+1 15
+1 15
+1 10
+2 10
+4 5
+1 5
+1 5
+1 5
+1 5
+1 5
+1 5
+1 5
+1 5
+1 5
+1 5
+1 5
+5 40
+4 1
+1 14
+1 8

fl=(56) ./io/../sysdeps/unix/sysv/linux/read_nocancel.c
fn=(180) __read_nocancel
25 2
+1 8
+1 2

fl=(58) ./io/../sysdeps/unix/sysv/linux/fstat64.c
fn=(190) fstat
29 6
+1 6
+5 9
cfi=(59) ./io/../sysdeps/unix/sysv/linux/fstatat64.c
cfn=(192) fstatat
calls=3 153 
* 24

fl=(23) ./elf/../misc/sbrk.c
fn=(62) sbrk
37 5
+3 1
+18 2
+4 2
+16 5

fl=(27) ./elf/./elf/dl-minimal-malloc.c
fn=(72) __minimal_calloc
78 8
+4 8
-4 32
+7 8
+1 24
fi=(28) ./elf/../include/rtld-malloc.h
-30 8
cfi=(27)
cfn=(76) __minimal_malloc
calls=8 -21 
* 235
fe=(27)

fn=(144) __minimal_free
95 3
+2 12

fn=(76)
35 120
+1 24
+11 24
-11 48
+11 48
+3 24
-3 24
+3 136
+18 24
+1 24
+2 96
-16 8
+1 4
+2 2
+1 14
cfi=(60) ./misc/../sysdeps/unix/sysv/linux/mmap64.c
cfn=(194) mmap
calls=2 -12 
* 18
* 2
+2 4
+2 4
+2 2
+4 2
-4 4
-23 1
-1 1
+1 1
+1 2
-2 2

fl=(15) ./elf/../sysdeps/x86/dl-get-cpu-features.c
fn=(436) __x86_cpu_features
71 1
-32 3
+32 2

fn=(32) _dl_x86_init_cpu_features
37 1
+2 3
+2 1
cfi=(16) ./elf/../sysdeps/x86/cpu-features.c
cfn=(34) init_cpu_features.constprop.0
calls=1 399 
* 7219

fl=(45) ./string/./string/strdup.c
fn=(140) strdup
40 15
+1 3
cfi=(22)
cfn=(60)
calls=3 * 
* 87
* 3
fi=(203) ./string/../include/rtld-malloc.h
+15 6
cfi=(27)
cfn=(76)
calls=3 -21 
* 75
fe=(45)
-12 6
+4 3
-1 9
+1 6
-1 3
cfi=(29)
cfn=(80)
calls=3 212 
* 41

fl=(135) ./elf/./elf/dl-call-libc-early-init.c
fn=(438) _dl_call_libc_early_init
27 1
+2 2
-2 1
+6 3
-6 1
+6 3
-6 1
+6 1
cfi=(134) ./elf/./elf/dl-lookup-direct.c
cfn=(434) _dl_lookup_direct
calls=1 +41 
* 177
+4 2
+2 4
+2 1
-1 1
+1 2
-1 1
cob=(3)
cfi=(136) ./elf/./elf/libc_early_init.c
cfn=(440) __libc_early_init
calls=1 -7 
* 1108

fl=(26) ./elf/./elf/dl-object.c
fn=(70) _dl_new_object
59 42
+3 6
+18 2
+3 2
-3 2
+3 2
cfi=(22)
cfn=(60)
calls=2 -42 
* 52
+4 4
-4 4
+9 4
fi=(28)
-48 6
cfi=(27)
cfn=(72)
calls=2 +34 
* 100
fe=(26)
+48 1
fi=(28)
-48 3
cfi=(27)
cfn=(72)
calls=1 +34 
* 43
* 3
fe=(26)
+51 6
+5 3
-2 3
+6 3
-4 3
+4 3
-5 3
+4 3
+1 3
-1 3
+1 6
cfi=(29)
cfn=(80)
calls=3 212 
* 44
* 6
+2 3
+13 6
+6 1
+2 7
+3 2
-3 14
+3 4
+9 3
-7 3
+4 3
+3 15
+2 1
-2 3
+2 15
-2 45
+16 6
-5 3
+5 3
-6 3
+6 3
-6 3
+6 6
+2 4
+3 4
-3 4
+7 8
+4 4
+8 2
+3 2
+10 3
-10 4
+10 6
+2 2
+21 2
-21 2
cfi=(22)
cfn=(60)
calls=2 41 
* 70
* 6
+17 2
-13 6
+50 6
cfi=(29)
cfn=(128) mempcpy
calls=2 -46 
* 34
* 2
+5 4
+1 4
-1 80
+1 80
+2 4
+3 2
+3 2
+4 27
131 8
-12 4
+34 1
+7 4
+8 8
fi=(28)
56 4
cfi=(27)
cfn=(76)
calls=2 -21 
* 50
* 2
fe=(26)
200 8
64 2
+2 3
+1 2
+10 5
-6 2

fn=(82) _dl_add_to_namespace_list
31 6
+2 3
-2 6
+2 3
-2 6
+2 3
cfi=(24) ./elf/../sysdeps/nptl/dl-tls_init_tp.c
cfn=(84) rtld_mutex_dummy
calls=3 +9 
* 9
+2 23
+3 20
+2 2
+2 2
+4 2
+4 2
-4 4
+1 2
+4 2
-4 2
+1 2
+3 2
-3 2
+3 2
-1 2
cfi=(24)
cfn=(84)
calls=2 -8 
* 6
-4 1
+4 1
-4 2
+1 1
+4 1
-4 1
+1 1
+3 1
-3 1
+3 1
-1 1
cfi=(24)
cfn=(84)
calls=1 -8 
* 3
-5 2

fl=(10)
fn=(18) __GI___tunables_init
282 9
-9 7
71 125
+6 40
-3 40
+3 3460
-3 40
-3 80
357 8
81 80
+5 120
fi=(11) ./elf/./elf/dl-tunables.h
+54 40
fe=(10)
-54 40
fi=(11)
+54 40
+1 102
-1 77
+1 22
-1 40
+1 80
fe=(10)
323 160
-18 5600
+6 8800
fi=(11)
140 360
+1 720
-1 19
+1 76
-1 95
fe=(10)

fn=(54) __GI___tunable_set_val
157 15
-55 5
+55 5
-55 5
+55 5
-55 35
+9 5
+1 5
fi=(204) ./elf/./dl-tunable-types.h
-22 10
fe=(10)
+22 20
+1 40
fi=(11)
+8 10
+1 5
fe=(10)
-6 15
fi=(11)
+15 5
fe=(10)
-12 10
+4 10
+7 10
+1 10
+3 30
+1 5
+1 5
+1 5
+24 5
fi=(11)
-30 15
fe=(10)

fn=(24)
405 33
+3 231
+9 33
-9 126
+9 10
+17 165
+2 33
-9 23
+1 23

fl=(60)
fn=(194)
47 24
+3 24
+8 48
+2 12

fl=(2)
fn=(156) handle_preload_list
894 10
+5 1
-5 2
+5 2
+6 1
-64 1
+54 3
+7 3
cfi=(50) ./string/../sysdeps/x86_64/strcspn.S
cfn=(158) strcspn
calls=1 25 
* 233
* 1
+1 3
+9 1
191 1
914 2
191 2
916 2
-80 1
+5 5
-10 1
+8 1
-4 1
+1 1
+1 1
+4 1
cob=(2)
cfi=(51)
cfn=(160)
calls=1 0 
* 2784
+1 3
+8 3
+67 1
-18 2
+21 9
-15 4
cfi=(29)
cfn=(80)
calls=1 212 
* 19
+1 2

fn=(170) map_doit
663 2
+2 1
-2 1
+2 1
+1 2
-1 2
+1 3
cfi=(31) ./elf/./elf/dl-load.c
cfn=(172) _dl_map_object
calls=1 2022 
* 2683
* 1
+2 2

fn=(252) version_check_doit
696 3
+2 4
cfi=(75) ./elf/./elf/dl-version.c
cfn=(254) _dl_check_all_versions
calls=1 361 
* 4125
* 2
+4 2

fn=(64) dl_main
1320 2
205 1
311 1
1320 2
2818 1
1320 3
2829 1
1320 2
2698 1
1320 2
311 1
1320 3
207 1
310 1
205 1
+99 3
1332 1
cfi=(24)
cfn=(66) __tls_pre_init_tp
calls=1 53 
* 17
2677 3
+6 5
-4 1
+4 1
+2 3
cfi=(25) ./elf/./elf/dl-environ.c
cfn=(68) _dl_next_ld_env_entry
calls=1 28 
* 41
* 4
cfi=(25)
cfn=(68)
calls=2 28 
* 234
* 9
+4 6
-2 2
+2 6
+1 2
-1 6
+1 17
-1 89
+9 12
2845 4
+32 2
1348 1
+1 2
-1 2
+1 2
2774 3
+1 3
-56 2
+7 2
1627 9
cfi=(26)
cfn=(70)
calls=1 59 
* 230
* 1
+2 2
+1 1
+6 2
-6 1
+1 2
+1 3
+4 1
cfi=(26)
cfn=(82)
calls=1 31 
* 36
+1 2
1140 1
1326 1
1169 1
-29 1
+11 1
+18 2
-21 1
+21 1
-19 1
-4 1
+23 1
-21 1
+21 2
+57 1
-83 1
+23 1
+4 1
+19 1
+22 1
+15 5
-56 116
1275 4
+2 1
1169 18
fi=(30) ./elf/../sysdeps/x86/dl-prop.h
105 2
fe=(2)
1282 22
+6 4
cfi=(31)
cfn=(88) _dl_process_pt_gnu_property
calls=1 868 
* 20
-7 26
+1 13
+6 13
-6 26
fi=(30)
212 4
+1 2
95 8
+10 2
212 1
105 1
-2 1
-3 1
+2 1
+3 1
-4 2
+92 4
-1 1
-87 3
+3 3
+1 2
+1 2
+4 3
+4 3
+3 3
+1 2
+4 1
+1 4
+58 3
+2 4
-56 4
+1 2
+3 4
+3 2
+1 8
+5 4
+2 4
+5 4
+14 2
-1 4
+2 2
fe=(2)
1174 1
-5 1
+5 2
-5 2
+30 1
-9 1
+27 1
-27 1
+2 1
-3 1
+10 2
-20 2
-10 1
+10 1
+1 9
-11 2
+57 4
-1 4
+1 8
-1 4
+2 8
+1 1
+2 12
+1 14
+4 8
+1 8
+1 4
+1 10
+1 1
+4 1
-74 1
+74 2
-74 2
+74 3
-74 3
+74 6
-74 6
fi=(30)
165 2
fe=(2)
1271 1
1169 1
1271 1
1169 2
1294 1
+3 2
+2 1
-5 2
+3 2
+2 2
+2 2
1662 3
+2 1
-1 1
+1 2
+1 2
-2 1
+2 1
-2 2
cfi=(32) ./string/../sysdeps/x86_64/strcmp.S
cfn=(90) strcmp
calls=1 108 
* 34
* 2
+7 1
+3 1
-5 1
+3 1
+2 1
+1 2
+4 2
+2 2
fi=(3) ./elf/./get-dynamic-info.h
39 3
+6 1
-2 1
+2 2
+9 1
+5 1
+3 1
+2 1
-3 1
-3 1
-3 17
+13 5
-23 20
+23 21
-23 84
+4 52
+5 24
+2 5
+16 3
+25 3
+5 2
+7 2
+1 3
+22 3
+5 2
+2 2
+2 2
+2 2
+1 1
+3 3
+2 3
+1 2
+9 2
+6 2
+1 2
+3 2
fe=(2)
1688 3
+7 2
cfi=(8) ./elf/./elf/dl-setup_hash.c
cfn=(14) _dl_setup_hash
calls=1 25 
* 29
+3 2
fi=(33) ./elf/./setup-vdso.h
24 2
fi=(35) ./elf/../sysdeps/unix/sysv/linux/dl-vdso-setup.h
+21 1
fe=(2)
1723 1
cfi=(13) ./elf/../sysdeps/unix/sysv/linux/dl-sysdep.c
cfn=(100) _dl_discover_osversion
calls=1 46 
* 109
* 8
fi=(37) ./elf/./dl-main.h
109 5
cfi=(31)
cfn=(106) _dl_init_paths
calls=1 706 
* 2926
fe=(2)
1731 3
cfi=(46) ./elf/./elf/dl-debug.c
cfn=(146) _dl_debug_initialize
calls=1 56 
* 30
+7 1
-7 1
+2 1
+5 1
+4 1
+3 1
-3 3
+1 2
+3 1
+5 1
-7 1
+7 1
+1 3
+12 2
+1 2
+5 1
-3 2
+2 1
+1 2
+5 3
+1 5
-1 2
233 1
-1 1
+1 3
+1 2
-2 1
+2 2
1793 2
+5 1
-1 1
+1 1
+24 1
cfi=(47) ./elf/../elf/dl-tls.c
cfn=(148) _dl_count_modids
calls=1 197 
* 6
* 1
fi=(48) ./elf/../sysdeps/generic/dl-debug.h
29 3
+1 2
fe=(2)
1828 2
+1 1
cfi=(46)
cfn=(152) _dl_debug_state
calls=1 116 
* 2
+1 1
+4 3
cfi=(49)
cfn=(154) _dl_audit_activity_map
calls=1 28 
* 16
+5 3
+2 1
+2 2
+9 2
+16 4
cfi=(65) ./io/../sysdeps/unix/sysv/linux/access.c
cfn=(208) access
calls=1 25 
* 9
* 2
+76 4
+16 3
85 1
1970 1
85 2
1970 2
85 1
1970 5
cfi=(66) ./elf/./elf/dl-deps.c
cfn=(210) _dl_map_object_deps
calls=1 159 
* 8233
92 1
1976 1
92 2
+9 2
1976 2
+1 5
-1 4
+1 6
-1 12
+4 4
+1 3
+1 1
+2 2
+1 4
-1 9
+1 9
+12 3
+1 2
+2 1
+2 3
+2 1
-4 1
+5 1
-1 2
+14 2
+1 2
+1 3
+11 2
+2 1
-2 1
+2 2
-2 1
+1 2
+1 1
-1 2
+1 1
cfi=(52)
cfn=(250) _dl_receive_error
calls=1 238 
* 4153
+10 2
+1 2
+3 2
862 1
fi=(205) ./elf/../sysdeps/unix/sysv/linux/dl-osinfo.h
64 2
fe=(2)
864 1
+6 1
+3 1
+7 1
-5 1
2052 3
2282 3
1778 2
+6 1
-6 2
+6 1
+2 3
fi=(30)
198 4
+2 1
+1 1
+2 1
-3 3
+3 1
fi=(3)
59 4
+3 4
+2 4
fi=(34) ./elf/../sysdeps/unix/sysv/linux/dl-vdso.h
-24 1
+1 2
fe=(2)
2331 1
1325 1
2342 1
-4 2
+10 1
-6 1
+6 1
+3 2
+8 1
fi=(30)
36 1
fe=(2)
2359 1
fi=(30)
37 3
+3 1
+13 6
-13 3
+9 6
-9 1
+9 20
+4 15
-16 12
+34 3
cfi=(77) ./elf/../sysdeps/x86/dl-cet.c
cfn=(270) _dl_cet_check
calls=1 252 
* 30
fe=(2)
2361 2
+54 3
+3 1
85 4
2422 1
+1 19
+2 8
+5 8
+2 8
+6 4
+2 12
+1 24
cfi=(78) ./elf/./elf/dl-reloc.c
cfn=(272) _dl_relocate_object
calls=3 194 
* 81138
+4 10
+1 2
-23 1
+23 1
cfi=(47)
cfn=(412) _dl_add_to_slotinfo
calls=1 1015 
* 28
-23 6
92 3
+1 1
2454 1
93 1
2454 1
+5 4
+2 1
+7 3
cfi=(47)
cfn=(414) _dl_allocate_tls_init
calls=1 528 
* 146
+3 2
fi=(3)
72 2
+10 3
+1 4
+1 4
+1 4
+2 4
+5 4
+1 4
+1 5
fi=(35)
-64 3
+3 1
+3 1
+3 1
fi=(34)
+16 2
fe=(2)
2434 1
+1 1
-3 2
+49 3
+2 4
+10 1
cfi=(129) ./elf/./elf/dl-find_object.c
cfn=(416) _dl_find_object_init
calls=1 561 
* 571
+5 2
cfi=(7) ./elf/./elf/dl-minimal.c
cfn=(424) __rtld_malloc_init_real
calls=1 76 
* 2372
+3 1
cfi=(133) ./elf/../sysdeps/nptl/dl-mutex.c
cfn=(432) __rtld_mutex_init
calls=1 30 
* 415
85 1
2507 1
+1 3
85 3
2508 2
cfi=(78)
cfn=(272)
calls=1 194 
* 4806
92 3
+9 2
2516 3
cfi=(135)
cfn=(438)
calls=1 27 
* 1309
+7 1
cfi=(9) ./elf/../elf/dl-sysdep.c
cfn=(464) _dl_sysdep_start_cleanup
calls=1 262 
* 2
+4 3
cfi=(49)
cfn=(466) _dl_audit_activity_nsid
calls=1 40 
* 21
+5 2
cfi=(46)
cfn=(186) _dl_debug_update
calls=1 38 
* 7
+1 1
-1 1
+2 1
cfi=(46)
cfn=(152)
calls=1 116 
* 2
+1 1
+4 1
cfi=(68) ./elf/./elf/dl-cache.c
cfn=(468) _dl_unload_cache
calls=1 537 
* 18
+5 8
1741 4
1995 2
+50 2
cfn=(258) init_tls
calls=1 756 
* 784
* 2
2726 4
+2 2
+1 1
+46 2
+2 1
+1 1
-1 1
+1 1
+1 1
85 1
1847 1
85 2
1847 1
85 1
1847 2
cfn=(156)
calls=1 894 
* 3107
* 1
92 3
+9 3
1948 16
+1 1
-1 1
+4 3
+1 1
+1 2
+1 2
-7 2
fi=(30)
170 3
-39 2
fe=(2)

fn=(258)
756 3
+2 1
+4 1
-4 1
+4 2
+11 1
fi=(28)
44 1
fe=(2)
768 1
+4 1
fi=(28)
44 1
cfi=(27)
cfn=(72)
calls=1 +34 
* 36
fe=(2)
783 1
-12 1
+6 1
-9 1
+11 1
+4 1
+2 3
-1 2
+3 8
+4 1
+2 1
-2 2
-5 1
-1 2
+10 3
+3 2
cfi=(47)
cfn=(260) _dl_tls_static_surplus_init
calls=1 97 
* 79
+3 1
cfi=(47)
cfn=(262) _dl_determine_tlsoffset
calls=1 221 
* 76
+7 1
cfi=(47)
cfn=(264) _dl_allocate_tls_storage
calls=1 422 
* 442
* 1
+1 2
+6 1
+3 2
-3 1
+3 6
+3 1
cfi=(24)
cfn=(266) __tls_init_tp
calls=1 68 
* 75
+1 1
+3 5
-39 3
-1 7

fn=(2)
527 10
85 1
fi=(6)
-40 1
fe=(2)
557 1
-4 1
85 2
556 1
85 1
fi=(3)
-40 1
fe=(2)
556 1
fi=(3)
45 2
+9 1
+5 1
+3 1
+2 1
+4 1
-7 1
-3 1
-3 14
+13 4
-23 16
+23 14
-23 56
+4 36
+5 20
+2 5
+3 4
fi=(4) ./elf/../sysdeps/generic/ldsodefs.h
+21 1
fi=(3)
-8 3
+10 4
+1 4
+1 4
+1 4
+2 4
+5 4
+1 4
+1 4
+3 3
+5 2
+7 3
+1 3
+8 2
+1 2
+5 3
+3 3
fe=(2)
573 1
fi=(6)
71 1
fe=(2)
573 42
fi=(6)
414 1
fi=(5) ./elf/./elf/do-rel.h
86 1
fe=(2)
573 2
fi=(5)
49 1
+37 1
-37 1
+37 1
+2 1
-2 1
+2 1
-2 1
+27 2
-27 1
fe=(2)
573 2
fi=(5)
49 1
+37 1
-37 1
+37 1
+2 1
-2 1
+2 1
-2 1
+27 3
+1 2
fi=(6)
534 2
fi=(5)
114 282
fi=(6)
534 282
+1 142
fi=(5)
113 142
fi=(6)
535 284
fi=(5)
113 284
+5 4
+8 7
fi=(6)
326 12
fi=(5)
126 21
+2 7
+2 7
-2 7
fi=(6)
287 7
fi=(5)
130 7
-2 7
+1 14
fi=(6)
287 14
+9 70
+3 14
+27 33
fe=(2)
573 6
fi=(5)
50 1
fi=(4)
+30 2
fi=(6)
326 2
+20 12
+1 6
fe=(2)
575 1
+13 1
cfi=(7)
cfn=(12) __rtld_malloc_init_stubs
calls=1 42 
* 10
+4 2
85 1
488 2
85 3
488 1
cfi=(8)
cfn=(14)
calls=1 25 
* 29
+2 2
-1 1
+1 2
+17 1
-15 1
-2 1
+17 1
-15 1
+9 1
-11 1
+17 1
cfi=(9)
cfn=(16) _dl_sysdep_start
calls=1 85 
* 140649
* 1
+2 2
+98 9
fi=(3)
62 4
+2 4
fe=(2)
573 3

fl=(141)
fn=(456)
67 2
+5 2
+3 2
+2 2
+10 2
+6 2
+1 2
+1 2
+1 2
+1 2
+1 2
+1 2
+4 2
+1 2
+3 2
+1 2
+2 2
+1 2
+1 2
+1 2
+1 2
+1 2
+2 2
+7 2
+1 2
+1 2
cfi=(142)
cfn=(458)
calls=2 -80 
* 1555
+1 2
+5 2
+1 2
+1 2
+2 2
+1 2
+1 2
+1 2
+1 2
+1 2
+1 2
+2 2
+2 2
+4 2
+2 2

fl=(64) ./io/../sysdeps/unix/sysv/linux/close_nocancel.c
fn=(204) __GI___close_nocancel
25 3
+1 12
+1 3

fl=(49)
fn=(466)
40 6
+4 3
-4 3
+4 3
-4 3
+4 3
-4 6
+4 3
+1 3
+1 12
+4 18

fn=(206) _dl_audit_objopen
76 2
+1 8

fn=(154)
28 6
+2 1
-1 1
+1 2
+6 6

fn=(772) _dl_audit_objclose
96 4
+1 16

fn=(530)
117 1
+1 4

fl=(24)
fn=(84)
42 8
+2 16

fn=(266)
68 2
fi=(206) ./elf/../include/list.h
-24 1
fe=(24)
+24 1
fi=(206)
-25 1
fe=(24)
+26 1
+3 1
fi=(206)
-29 1
+1 1
+1 1
+2 1
fe=(24)
+28 4
+1 2
+1 1
+5 2
+5 1
+6 1
-3 1
+3 1
-6 3
+6 1
+13 3
fi=(76) ./elf/../sysdeps/unix/sysv/linux/rseq-internal.h
-72 1
fe=(24)
+72 1
cfi=(10)
cfn=(24)
calls=1 405 
* 20
fi=(76)
-74 3
+2 6
+3 2
+3 1
fe=(24)
+83 3
+7 2
+2 1
+1 1
+1 3

fn=(66)
53 3
+3 8
+5 1
-5 1
+5 1
+1 1
-6 1
+8 1

fl=(7)
fn=(424)
76 2
+10 1
fi=(131) ./elf/../sysdeps/generic/dl-hash.h
-41 1
fe=(7)
+31 1
fi=(131)
-32 1
fe=(7)
+32 5
+11 1
-1 1
fi=(131)
-43 1
+5 3
+14 4
-17 3
+3 15
+14 20
-17 15
fe=(7)
+46 2
fi=(131)
-24 1
fe=(7)
+22 1
+2 2
fi=(131)
-19 1
fe=(7)
+19 1
cfn=(428) lookup_malloc_symbol
calls=1 -30 
* 575
+1 3
-1 1
+1 1
cfn=(428)
calls=1 -31 
* 575
+1 3
-1 1
+1 1
cfn=(428)
calls=1 -32 
* 561
+1 3
-1 1
+1 1
cfn=(428)
calls=1 -33 
* 553
+5 1
+1 1
+1 1
+1 1
+1 7

fn=(136) strsep
239 2
+3 4
+2 2
+1 4
+4 33
+7 84
-2 56
+13 1
+4 4
-22 14
+15 14
-15 30

fn=(428)
61 8
+3 4
-3 16
+3 4
-3 4
+3 8
-1 4
+1 12
cfi=(79)
cfn=(280)
calls=4 840 
* 2104
+4 28
+1 28
+2 4
fi=(132) ./elf/./dl-sym-post.h
-30 8
+12 12
fe=(7)
+19 20

fn=(12)
42 1
+1 2
+1 2
+1 2
+1 2
+1 1

fl=(71) ./io/../sysdeps/unix/sysv/linux/pread64_nocancel.c
fn=(232) __pread64_nocancel
25 8
+1 16
+1 4

fl=(36) ./posix/../sysdeps/unix/syscall-template.S
fn=(102) uname
120 5
+2 1

fl=(32)
fn=(90)
108 183
+33 183
+1 183
+2 183
+1 183
+21 183
+1 183
+1 157
+1 157
+1 140
+1 140
+1 140
+1 140
+21 140
+1 140
+1 140
+1 140
+1 140
+1 140
+1 140
+5 5
+1 15
+9 5
+1 5
+1 5
+1 5
+1 5
+1 5
+1 5
+1 5
-7 43
+1 43
+1 43
+1 43
+1 43
+1 43
+1 43
+1 43
+1 44
+1 29
+1 29
+1 29
+2 29
+1 29
+1 29
+1 29
+1 29
+1 29
-5 15
+1 15
+1 15
+1 15
+1 15
+1 15
+10 4
+1 4
+1 4
+2 4
+6 4
+1 4
+1 4
+1 4
+1 4
+5 4
+2 3
+1 3
+1 6
+8 3
+1 3
+3 3
+1 3
+1 3
+1 3
+1 3
+1 3
943 3
+1 3
+1 3
+1 3
+1 3
+2 3
+1 3
+1 3
+1 3
+1 3
+1 3
+1 3
+1 2
+4 2
+1 2
+1 2
+6 2
+1 2
+1 4
+4 2
+1 2
+3 2
+1 2
+1 2
+3 2
+1 2
+1 2
+6 2
+1 2
+1 2
+1 2
+1 2
+1 2
+72 5
+1 5
+1 5
+1 5
+1 5
+2 5
+1 5
+1 5
+1 5
+1 5
+1 5
+1 5
+1 1
+4 1
+1 1
+1 1
+6 1
+1 1
+1 2
+4 1
+1 1
+3 1
+1 1
+1 1
+3 1
+1 1
+1 1
+6 1
+1 1
+1 1
+1 1
+1 1
+1 1
+7 1
+1 1
+2 1
+1 1
+2 1
+1 1
+1 1
+3 1
+1 1
+1 1
+6 1
+1 1
+1 1
+1 1
+1 1
+1 1
+41 3
+1 3
+1 3
+1 3
+1 3
+2 3
+1 3
+1 3
+1 3
+1 3
+1 3
+1 3
+1 1
+4 1
+1 1
+1 1
+6 1
+1 1
+1 2
+4 1
+1 1
+3 1
+1 1
+1 1
+3 1
+1 1
+1 1
+6 1
+1 1
+1 1
+1 1
+1 1
+1 1
+72 2
+1 2
+1 2
+1 2
+1 2
+2 2
+1 2
+1 2
+1 2
+1 2
+1 2
+1 2
+1 2
+4 2
+1 2
+1 2
+6 2
+1 2
+1 4
+4 2
+1 2
+3 2
+1 2
+1 2
+3 2
+1 2
+1 2
+6 2
+1 2
+1 2
+1 2
+1 2
+1 2
+72 2
+1 2
+1 2
+1 2
+1 2
+2 2
+1 2
+1 2
+1 2
+1 2
+1 2
+1 2
+1 2
+4 2
+1 2
+1 2
+6 2
+1 2
+1 4
+4 2
+1 2
+3 2
+1 2
+1 2
+3 2
+1 2
+1 2
+6 2
+1 2
+1 2
+1 2
+1 2
+1 2
+72 4
+1 4
+1 4
+1 4
+1 4
+2 4
+1 4
+1 4
+1 4
+1 4
+1 4
+1 4
+1 2
+4 2
+1 2
+1 2
+6 2
+1 2
+1 4
+4 2
+1 2
+3 2
+1 2
+1 2
+3 2
+1 2
+1 2
+6 2
+1 2
+1 2
+1 2
+1 2
+1 2
+72 3
+1 3
+1 3
+1 3
+1 3
+2 3
+1 3
+1 3
+1 3
+1 3
+1 3
+1 3
+1 2
+4 2
+1 2
+1 2
+6 2
+1 2
+1 4
+4 2
+1 2
+3 2
+1 2
+1 2
+3 2
+1 2
+1 2
+6 2
+1 2
+1 2
+1 2
+1 2
+1 2
+72 1
+1 1
+1 1
+1 1
+1 1
+2 1
+1 1
+1 1
+1 1
+1 1
+1 1
+1 1
1943 3
+1 3
+1 3
+1 3
+1 3
+2 3
+1 3
+1 3
+1 3
+1 3
+1 3
+1 3
+1 2
+4 2
+1 2
+1 2
+6 2
+1 2
+1 4
+4 2
+1 2
+3 2
+1 2
+1 2
+3 2
+1 2
+1 2
+6 2
+1 2
+1 2
+1 2
+1 2
+1 2
+72 18
+1 18
+1 18
+1 18
+1 18
+2 18
+1 18
+1 18
+1 18
+1 18
+1 18
+1 18
+2 6
+4 6
+1 6
+1 6
+6 6
+1 6
+2 12
+4 6
+1 6
+3 6
+1 6
+1 6
+3 6
+1 6
+1 6
+6 6
+1 6
+1 6
+1 6
+1 6
+1 6
+74 23
+2 23
+1 23
+1 23
+1 23
-3 25
+1 25
+1 25
+1 25
+1 58
+5 29
+6 29
+1 29
+8 29
+1 29
-16 154
+6 154
+1 154
+8 154
+1 154

fl=(72) ./misc/../sysdeps/unix/syscall-template.S
fn=(236) mprotect
117 25
+5 5

fn=(470) munmap
117 5
+5 1

fl=(47)
fn=(148)
197 1
+2 2
+1 1
+15 2

fn=(412)
1015 8
+6 1
+3 1
+1 1
+4 3
+34 2
+3 3
+1 3
+3 6

fn=(262)
221 8
+6 3
+3 2
+36 3
+2 1
-2 1
-2 1
-40 1
-1 1
-1 1
+46 2
+23 3
+3 1
-3 4
+2 2
-2 1
-25 1
+20 1
-20 5
+2 2
+3 1
-1 1
+5 2
-5 1
+1 1
-1 1
+3 2
+2 3
+32 3
-1 1
+1 4
+2 2
-2 2
+53 8

fn=(238) _dl_assign_tls_modid
131 2
+3 1
+13 1
-13 1
+52 1
+2 1
+3 1
+1 2

fn=(260)
97 2
+4 1
-4 2
+4 1
-4 2
+4 3
cfi=(10)
cfn=(24)
calls=1 405 
* 21
* 1
+1 4
cfi=(10)
cfn=(24)
calls=1 405 
* 21
* 1
+8 1
-8 1
+6 2
+2 3
+3 1
+2 1
-32 3
+34 3
+1 5

fn=(414)
528 10
+1 2
+4 1
+6 1
-6 1
+6 1
cfi=(24)
cfn=(84)
calls=1 42 
* 3
+3 3
+12 1
-18 1
-1 1
+43 3
-19 13
+9 3
+1 2
+6 3
+1 1
+2 2
-2 1
+6 1
-4 2
+4 1
-4 2
+3 2
+4 2
+1 4
+2 2
+1 2
+17 1
-8 1
+8 1
+2 3
cfi=(29)
cfn=(128)
calls=1 199 
* 13
* 5
cfi=(44) ./string/../sysdeps/x86_64/multiarch/memset-vec-unaligned-erms.S
cfn=(132) memset
calls=1 125 
* 25
-49 1
+55 1
-55 4
+6 4
+55 2
cfi=(24)
cfn=(84)
calls=1 42 
* 3
+3 2
+3 9

fn=(264)
422 2
+13 1
-13 2
+2 1
+12 1
fi=(28)
56 1
cfi=(27)
cfn=(76)
calls=1 -21 
* 53
fe=(47)
437 3
+8 2
fi=(28)
44 1
fe=(47)
445 2
+1 1
+4 321
+19 1
-99 1
+4 1
+1 1
fi=(28)
44 1
cfi=(27)
cfn=(72)
calls=1 +34 
* 36
fe=(47)
376 2
+3 1
+6 2
+90 5

fl=(31)
fn=(172)
2022 30
+8 6
+1 12
+3 42
+5 49
+2 21
cfi=(54) ./elf/./elf/dl-misc.c
cfn=(174) _dl_name_match_p
calls=7 68 
* 815
* 14
+4 12
+1 18
+4 2
-1 10
+1 2
+1 2
-1 2
+1 2
cfi=(32)
cfn=(90)
calls=2 108 
* 91
* 4
2329 27
2068 2
+1 2
-1 2
+1 2
-1 2
+1 2
-1 4
-44 2
+53 6
+17 4
-2 2
+2 2
cfi=(42) ./string/../sysdeps/x86_64/multiarch/../strchr.S
cfn=(118) index
calls=2 23 
* 48
* 4
2260 2
-1 3
cfn=(138) expand_dynamic_string_token
calls=1 385 
* 168
+2 1
-3 1
+1 1
+2 2
+4 5
cfn=(176) open_verify.constprop.1
calls=1 1568 
* 283
+3 2
-3 1
+3 1
+12 4
+46 1
+1 3
-1 1
+1 9
cfn=(184) _dl_map_object_from_fd
calls=1 944 
* 1819
-1 1
+1 3
-1 1
+1 9
cfn=(184)
calls=1 944 
* 2221
* 6
2098 2
cfi=(22)
cfn=(60)
calls=1 41 
* 17
* 2
+2 2
+7 4
+51 11
cfn=(216) open_path
calls=1 1870 
* 1656
+6 1
-6 1
+6 4
682 1
2165 1
682 2
2252 2
+28 4
+2 4
2111 1
696 3
2111 1
+1 1
696 2
2116 3
682 1
2117 1
682 2
2173 1
+14 2
+2 3
+4 2
cfi=(68)
cfn=(222) _dl_load_cache_lookup
calls=1 416 
* 1281
* 1
+2 2
+4 2
+8 3
+23 6
cfn=(218) open_verify.constprop.0
calls=1 1568 
* 396
+4 2
-4 1
+4 1
+1 2
2131 5
+1 10
682 1
2133 1
682 2
2157 3
+1 2
-16 2

fn=(138)
385 14
241 2
385 2
241 2
385 2
241 2
cfi=(42)
cfn=(118)
calls=2 23 
* 72
+3 4
410 2
-11 2
+11 12
-11 2
cfi=(45)
cfn=(140)
calls=2 40 
* 168

fn=(134) fillin_rpath.isra.0
468 7
+4 1
-4 8
+6 3
cfi=(7)
cfn=(136)
calls=1 239 
* 240
* 3
cfi=(7)
cfn=(136)
calls=1 239 
* 8
* 6
+7 2
+2 3
cfn=(138)
calls=1 -98 
* 118
* 1
+4 2
+5 2
cfi=(22)
cfn=(60)
calls=1 41 
* 17
* 1
+1 2
+7 5
+9 15
+1 8
+55 2
fi=(28)
50 2
cfi=(27)
cfn=(144)
calls=1 +45 
* 5
+1 1
fe=(31)
528 2
+4 3
fi=(28)
56 1
cfi=(27)
cfn=(76)
calls=1 -21 
* 25
* 1
fe=(31)
534 2
+5 1
+1 2
-1 1
-1 1
+2 1
cfi=(29)
cfn=(128)
calls=1 199 
* 13
+3 1
-3 1
+1 1
+2 1
+6 1
+1 1
-1 3
+1 11
+1 1
-1 1
+1 2
-1 2
+1 1
-1 1
+1 2
-1 6
+1 1
-1 1
+1 1
-1 3
+1 1
-1 2
+3 1
+1 1
-1 1
+1 2
+1 1
+6 2
+1 2
-57 4
+66 1
+3 8
-46 4

fn=(88)
868 3
+8 3
-8 3
+8 3
-6 3
+12 6
-13 3
+13 3
-13 3
+13 6
+3 9
+1 6
+1 6
+43 3

fn=(176)
1568 11
+39 3
+19 4
cfi=(55) ./io/../sysdeps/unix/sysv/linux/open64_nocancel.c
cfn=(178) __open_nocancel
calls=1 28 
* 19
* 1
+2 2
+11 1
+6 2
-5 1
+5 8
cfi=(56)
cfn=(180)
calls=1 25 
* 6
+2 2
+2 2
+2 2
+6 2
+17 11
fi=(28)
50 2
cfi=(27)
cfn=(144)
calls=1 +45 
* 5
fe=(31)
1856 9
1674 3
+74 2
+5 2
+2 4
+6 2
+6 1
+1 1
-1 3
+1 1
-1 1
+1 2
+1 2
+20 3
+31 1
-31 1
1633 1
1820 2
-31 66
+1 28
+1 8
+4 8
+25 12
+3 18
+3 2
-4 2
+4 4
+6 4
-36 6

fn=(184)
944 20
+10 2
-10 8
+10 2
cfi=(46)
cfn=(186)
calls=2 38 
* 14
* 2
+7 8
+85 8
+10 4
+7 14
cfi=(26)
cfn=(70)
calls=2 59 
* 766
* 2
+1 4
+11 4
+5 2
-5 2
+1 4
+1 2
+2 2
-2 2
+2 4
+1 6
+1 2
+19 2
-2 1
+2 12
-2 1
+2 30
+10 8
+85 2
-58 2
-34 2
-1 2
+93 2
+6 2
-64 4
+9 2
+55 4
-55 2
-42 2
+97 4
1101 2
-5 4
+15 60
+20 2
+1 1
-22 69
+1 127
1213 4
1110 2
1213 4
1110 6
1218 6
+10 4
+1 2
-1 2
+1 2
-1 6
+1 6
-1 6
+1 6
-1 18
1076 4
1235 4
+10 8
+7 4
fi=(61) ./elf/./dl-map-segments.h
96 2
fe=(31)
1252 6
fi=(61)
28 2
fe=(31)
1252 2
fi=(61)
96 2
fe=(31)
1252 2
fi=(61)
28 4
+1 16
cfi=(60)
cfn=(194)
calls=2 +18 
* 18
+74 4
-1 2
-73 2
+74 2
+3 4
+1 2
+2 2
-3 2
+1 2
+2 2
+7 8
+3 4
cfi=(72)
cfn=(236)
calls=1 -2 
* 6
* 3
+7 2
+2 2
fi=(62) ./elf/./dl-load.h
-37 16
+1 6
+2 16
fi=(61)
+56 32
+8 2
-2 2
+1 2
+2 2
-1 2
+1 2
-1 6
+8 4
+3 4
+8 14
cfi=(44)
cfn=(132)
calls=2 -52 
* 237
+1 4
+5 4
+12 8
-59 40
+2 12
+3 6
-3 12
+2 48
cfi=(60)
cfn=(194)
calls=6 -93 
* 54
* 18
fi=(57) ./elf/../sysdeps/posix/dl-fileid.h
37 6
cfi=(58)
cfn=(190)
calls=2 -8 
* 30
* 4
fe=(31)
999 4
fi=(57)
40 6
fe=(31)
999 2
fi=(57)
40 2
fe=(31)
999 23
+1 10
fi=(57)
49 12
fe=(31)
1515 18
1018 4
+66 13
+1 2
-1 1
+1 1
-1 1
+1 1
cfi=(71)
cfn=(232)
calls=1 25 
* 7
* 2
+26 26
+26 48
+10 8
-1 8
-1 8
+2 8
+2 8
-2 8
-1 48
+2 16
+1 8
+2 8
-3 8
+3 48
+2 16
+4 16
+1 30
+4 6
+1 6
-1 6
+1 42
-18 6
+28 6
-11 2
+1 2
-1 2
+1 14
-18 2
+28 2
-56 4
+7 2
+2 2
-2 2
+1 2
+1 2
-1 4
+1 16
+50 3
+5 1
-1 2
+5 1
-5 2
-56 1
+61 4
+1 1
+3 1
-3 1
+8 4
+15 4
+1 2
+58 8
+1 6
fi=(63) ./elf/./elf/get-dynamic-info.h
39 4
+6 2
-2 2
+2 4
+9 2
+5 2
+3 2
+2 2
-3 2
-3 2
-3 28
+13 8
-23 32
+23 29
-23 116
+4 74
+5 40
+2 10
+3 8
+13 8
+10 7
+1 8
+1 8
+1 8
+2 8
+5 7
+1 7
+1 8
+3 6
+5 2
+7 4
+1 6
+22 6
+5 2
+2 2
+2 2
+2 2
+4 6
+2 3
+1 2
+9 2
+6 2
+4 4
fe=(31)
1275 4
+1 4
+2 4
+10 6
+19 6
+2 10
+52 6
+1 2
+6 16
+1 42
+6 8
cfn=(88)
calls=2 868 
* 40
-7 54
+1 25
+6 25
-6 50
fi=(30)
95 16
213 2
-1 4
105 4
212 2
105 2
-2 2
-3 2
+2 2
+3 2
-4 4
+92 8
-1 2
-87 6
+3 6
+1 4
+1 4
+4 6
+4 6
+3 6
+1 4
+4 2
+1 8
+58 6
+2 8
-56 6
+1 3
+3 6
+3 3
+1 12
+5 6
+2 6
+5 6
+14 3
-1 6
+2 2
-1 4
fe=(31)
1380 4
cfi=(64)
cfn=(204)
calls=2 25 
* 12
* 4
+13 4
+2 8
+2 4
+16 4
cfi=(8)
cfn=(14)
calls=2 25 
* 58
+4 4
+1 4
+17 4
+1 1
+3 1
+5 1
-5 1
+5 1
-5 1
+5 1
-5 1
+5 1
+10 4
+7 12
+10 4
+1 4
+5 2
cfi=(47)
cfn=(238)
calls=1 131 
* 10
+7 6
cfi=(26)
cfn=(82)
calls=2 31 
* 94
+3 8
+23 14
+1 6
cfi=(49)
cfn=(206)
calls=2 76 
* 10
* 2
fi=(62)
95 5
+2 1
-1 2
+1 1
-1 1
+1 1
-1 1
+1 1
-1 2
+3 4
fe=(31)
1506 10
fi=(30)
198 8
+2 2
+1 2
+2 2
-3 6
fe=(31)
1368 6
fi=(63)
62 8
+2 8
fe=(31)
1084 2
fi=(61)
187 8
cfi=(60)
cfn=(194)
calls=1 47 
* 9
+3 2
fe=(31)
1462 6
+2 1
-1 5
+1 1
-1 1
+1 1
-1 1
cfi=(32)
cfn=(90)
calls=1 108 
* 25
* 2
+2 5
1275 2
fi=(57)
49 3
fi=(30)
170 3
-39 2
fe=(31)

fn=(106)
706 11
+14 1
-14 2
+14 2
cfi=(38) ./elf/./elf/dl-hwcaps.c
cfn=(108) _dl_important_hwcaps
calls=1 175 
* 1847
fi=(28)
56 1
fe=(31)
720 1
fi=(28)
56 1
cfi=(27)
cfn=(76)
calls=1 -21 
* 25
fe=(31)
725 1
+2 2
+7 2
+1 2
-1 3
+5 3
fi=(28)
56 1
cfi=(27)
cfn=(76)
calls=1 -21 
* 25
fe=(31)
739 1
+2 4
+17 1
-10 1
+19 1
-11 1
-9 1
+9 1
+12 2
-10 1
+3 2
+9 1
-7 1
+4 1
+3 2
-3 1
-8 1
+3 1
+8 1
-3 1
+1 16
cfi=(44)
cfn=(132)
calls=4 125 
* 72
+2 18
-14 3
+10 3
+4 3
-12 3
-2 3
+2 3
+4 3
-3 3
+3 3
+1 3
-2 3
+5 6
+1 3
-4 3
+4 3
+15 1
+3 1
-15 1
+7 1
-1 1
+9 2
+2 4
+2 3
+36 5
+2 2
cfi=(22)
cfn=(60)
calls=1 41 
* 17
* 9
-19 1
-2 1
+2 2
+19 9
cfi=(29)
cfn=(80)
calls=1 212 
* 11
* 1
+5 4
-1 2
+2 1
+1 2
-2 4
+1 13
+1 26
-2 52
+5 1
fi=(28)
56 1
cfi=(27)
cfn=(76)
calls=1 -21 
* 25
fe=(31)
836 1
fi=(28)
56 1
fe=(31)
838 2
+6 6
cfn=(134)
calls=1 468 
* 587
+3 3
+6 1
+4 8
-35 2
+5 2

fn=(216)
1870 8
+1 1
-1 6
+1 1
+6 2
+5 16
-7 2
+7 1
-8 1
+8 2
+3 2
+9 6
+7 3
+1 1
-1 1
cfi=(29)
cfn=(128)
calls=1 199 
* 13
-12 1
+12 1
+59 5
-58 4
+3 20
+5 80
cfi=(29)
cfn=(128)
calls=10 199 
* 134
* 40
cfi=(29)
cfn=(128)
calls=10 199 
* 130
+3 20
+6 30
+3 60
cfn=(218)
calls=10 1568 
* 540
* 10
+2 30
+2 20
+65 8
+7 2
-2 2
+2 2
+3 3
-13 1
+27 9
1902 58
+29 20
+1 70
+6 20
+2 10
-2 10
+2 20
cfi=(67) ./io/../sysdeps/unix/sysv/linux/stat64.c
cfn=(220) stat
calls=10 28 
* 158
* 10
+3 10
-3 20
+1 1
+2 2
-2 1
+2 26
-61 2

fn=(218)
1568 121
+39 33
+19 44
cfi=(55)
cfn=(178)
calls=11 28 
* 239
* 11
+2 22
+11 1
+6 2
-5 1
+5 8
cfi=(56)
cfn=(180)
calls=1 25 
* 6
+2 2
+2 2
+2 2
+6 2
+17 11
fi=(28)
50 2
cfi=(27)
cfn=(144)
calls=1 +45 
* 5
fe=(31)
1856 99
1674 3
+74 2
+5 2
+2 4
+6 2
+6 1
+1 1
-1 3
+1 1
-1 1
+1 2
+21 3
+31 1
-31 1
1633 1
1820 2
-31 48
+1 24
+1 8
+4 8
+6 4
+1 28
+10 12
cfi=(71)
cfn=(232)
calls=2 25 
* 14
* 16
+8 18
+15 2
+6 1
-3 1
+1 1
+1 1
+1 2
-3 1
+1 1
+1 1
+2 1
-3 3
-1 1
+4 2
-19 18
+3 2
-4 2
+4 4
+5 1
+1 4
-60 13
+1 3
-1 1
+1 3
cfi=(71)
cfn=(232)
calls=1 25 
* 7
* 3
+16 5
1612 20
+62 3
1802 4
-30 2

fn=(212) _dl_dst_count
238 4
+3 2
-3 4
+7 2
-7 4
+3 2
cfi=(42)
cfn=(118)
calls=2 23 
* 72
+3 4
+20 14

fl=(43) ./string/../sysdeps/x86_64/memcmp.S
fn=(124) bcmp
22 1
+5 1
+1 1
+1 1
+1 1
+1 1
+1 1
+1 1
+1 1
+3 1
+1 1
+1 1
+1 1
+1 1
+1 1
+1 1
+1 1
+1 1
+2 1
+1 1
+17 1
+1 1
+17 1
+1 1
+1 1
+1 1
+1 1
+4 1
+47 1
+1 1
+1 1
+1 1
+1 1
+1 1
+1 1
+1 1
+1 1
+1 1
+1 1
+1 1
+1 1

fl=(53) ./setjmp/../sysdeps/x86_64/setjmp.S
fn=(168) __sigsetjmp
30 3
+2 3
+9 3
+1 6
+1 3
+4 3
+1 3
+1 3
+1 3
+1 3
+2 6
+2 3
+1 3
+1 3
+2 6
+2 3
+8 3
+3 3
+1 3
+7 3
+1 3

fl=(9)
fn=(16)
85 4
+25 1
-25 6
+25 1
-1 1
+1 129
+11 1
-8 1
+1 1
-4 1
+3 1
+6 1
+2 13
-34 1
-1 1
+36 113
+3 1
+1 1
-5 85
+57 1
-57 1
+58 1
-1 1
-57 3
+29 1
-29 1
+30 1
-1 1
-29 3
+41 1
-41 1
+42 1
-1 1
-41 3
+35 1
-35 1
+36 1
-1 1
-35 3
+32 1
-32 1
+33 1
-1 1
-32 4
+13 1
-13 1
+14 1
-1 1
-13 3
+10 1
-10 1
+11 1
-1 1
-10 3
+7 1
-7 4
224 1
cfi=(10)
cfn=(18)
calls=1 +58 
* 20280
+3 1
cfi=(12)
cfn=(22)
calls=1 +54 
* 32
fi=(13)
36 2
cfi=(14) ./elf/../sysdeps/unix/sysv/linux/brk.c
cfn=(28) brk
calls=1 -1 
* 8
fi=(6)
215 1
cfi=(15)
cfn=(32)
calls=1 37 
* 7224
fe=(9)
+23 3
+1 1
cfi=(22)
cfn=(60)
calls=1 41 
* 17
* 1
+2 2
cfi=(23)
cfn=(62)
calls=1 37 
* 15
* 3
+12 3
+3 5
cfi=(2)
cfn=(64)
calls=1 1320 
* 112623
+2 9

fn=(464)
262 1
+1 1

fl=(78)
fn=(272)
194 8
+14 4
-14 36
+16 4
-16 8
+14 4
+2 8
+3 4
-1 4
+1 8
+19 8
+6 20
-34 6
+38 6
+7 12
fi=(6)
71 10
+6 4
+4 3
+14 1
-8 1
+8 2
+20 2
+4 5
-2 2
fe=(78)
288 160
-83 1
fi=(6)
474 4
fe=(78)
205 2
+83 2
fi=(5)
49 1
fe=(78)
288 1
fi=(5)
60 1
-11 2
+11 2
fe=(78)
288 3
-83 3
fi=(6)
474 12
fe=(78)
205 6
+83 6
fi=(5)
49 3
fe=(78)
288 3
fi=(5)
60 3
-11 6
+11 6
fe=(78)
288 8
fi=(5)
49 4
fe=(78)
288 4
fi=(5)
60 4
-11 8
+11 8
-7 1
-1 1
+11 8
fi=(6)
545 28
+4 28
+3 42
+1 14
fi=(5)
63 42
+2 216
+2 120
-4 120
+13 6
+1 8
+1 80
fi=(6)
545 40
+34 80
+2 40
cob=(3)
cfi=(128) ./string/../sysdeps/x86_64/multiarch/rawmemchr.c
cfn=(408) rawmemchr
calls=1 31 
* 23
cob=(3)
cfi=(127) ./string/../sysdeps/x86_64/multiarch/strncase.c
cfn=(406) strncasecmp
calls=1 31 
* 7
cob=(3)
cfi=(126) ./string/../sysdeps/x86_64/multiarch/mempcpy.c
cfn=(402) mempcpy
calls=1 33 
* 22
cob=(3)
cfi=(125) ./string/../sysdeps/x86_64/multiarch/strspn.c
cfn=(400) strspn
calls=1 29 
* 7
cob=(3)
cfi=(123) ./string/../sysdeps/x86_64/multiarch/memchr.c
cfn=(396) memchr
calls=1 29 
* 23
cob=(3)
cfi=(122) ./string/../sysdeps/x86_64/multiarch/stpcpy.c
cfn=(392) stpcpy
calls=1 33 
* 17
cob=(3)
cfi=(120) ./wcsmbs/../sysdeps/x86_64/multiarch/wmemcmp.c
cfn=(388) wmemcmp
calls=1 29 
* 22
cob=(3)
cfi=(119) ./string/../sysdeps/x86_64/multiarch/strncpy.c
cfn=(384) strncpy
calls=1 29 
* 17
cob=(3)
cfi=(118) ./string/../sysdeps/x86_64/multiarch/strlen.c
cfn=(380) strlen
calls=1 29 
* 21
cob=(3)
cfi=(117) ./string/../sysdeps/x86_64/multiarch/strcasecmp_l.c
cfn=(378) strcasecmp_l
calls=1 31 
* 7
cob=(3)
cfi=(116) ./string/../sysdeps/x86_64/multiarch/strcpy.c
cfn=(374) strcpy
calls=1 29 
* 17
cob=(3)
cfi=(115) ./string/../sysdeps/x86_64/multiarch/strchrnul.c
cfn=(370) strchrnul
calls=1 31 
* 21
cob=(3)
cfi=(114) ./string/../sysdeps/x86_64/multiarch/memrchr.c
cfn=(366) memrchr
calls=1 29 
* 21
cob=(3)
cfi=(112) ./wcsmbs/../sysdeps/x86_64/multiarch/wmemset.c
cfn=(362) wmemset
calls=2 31 
* 38
cob=(3)
cfi=(110) ./string/../sysdeps/x86_64/multiarch/memcmp.c
cfn=(358) bcmp
calls=1 29 
* 22
cob=(3)
cfi=(109) ./string/../sysdeps/x86_64/multiarch/strncase_l.c
cfn=(356) strncasecmp_l
calls=1 31 
* 7
cob=(3)
cfi=(108) ./string/../sysdeps/x86_64/multiarch/strcat.c
cfn=(352) strcat
calls=1 29 
* 17
cob=(3)
cfi=(107) ./wcsmbs/../sysdeps/x86_64/multiarch/wcscpy.c
cfn=(350) wcscpy
calls=1 43 
* 7
cob=(3)
cfi=(106) ./string/../sysdeps/x86_64/multiarch/strcspn.c
cfn=(348) strcspn
calls=1 29 
* 7
cob=(3)
cfi=(105) ./string/../sysdeps/x86_64/multiarch/strcasecmp.c
cfn=(346) strcasecmp
calls=1 31 
* 7
cob=(3)
cfi=(104) ./string/../sysdeps/x86_64/multiarch/strncmp.c
cfn=(344) strncmp
calls=1 66 
* 17
cob=(3)
cfi=(102) ./wcsmbs/../sysdeps/x86_64/multiarch/wmemchr.c
cfn=(340) wmemchr
calls=2 31 
* 46
cob=(3)
cfi=(100) ./string/../sysdeps/x86_64/multiarch/stpncpy.c
cfn=(336) stpncpy
calls=1 31 
* 17
cob=(3)
cfi=(99) ./wcsmbs/../sysdeps/x86_64/multiarch/wcscmp.c
cfn=(332) wcscmp
calls=1 30 
* 21
cob=(3)
cfi=(98) ./string/../sysdeps/x86_64/multiarch/memmove.c
cfn=(328) memmove
calls=2 29 
* 44
cob=(3)
cfi=(97) ./string/../sysdeps/x86_64/multiarch/strrchr.c
cfn=(324) rindex
calls=1 28 
* 21
cob=(3)
cfi=(96) ./string/../sysdeps/x86_64/multiarch/strchr.c
cfn=(322) index
calls=1 61 
* 19
cob=(3)
cfi=(94) ./wcsmbs/../sysdeps/x86_64/multiarch/wcschr.c
cfn=(318) wcschr
calls=2 31 
* 42
cob=(3)
cfi=(92) ./string/../sysdeps/x86_64/multiarch/memcpy.c
cfn=(314) memcpy@@GLIBC_2.14
calls=1 29 
* 22
cob=(3)
cfi=(91) ./wcsmbs/../sysdeps/x86_64/multiarch/wcslen.c
cfn=(310) wcslen
calls=1 29 
* 19
cob=(3)
cfi=(89) ./string/../sysdeps/x86_64/multiarch/memset.c
cfn=(306) memset
calls=1 29 
* 24
cob=(3)
cfi=(87) ./wcsmbs/../sysdeps/x86_64/multiarch/wcsnlen.c
cfn=(302) wcsnlen
calls=1 29 
* 19
cob=(3)
cfi=(86) ./string/../sysdeps/x86_64/multiarch/strcmp.c
cfn=(300) strcmp
calls=1 65 
* 17
cob=(3)
cfi=(85) ./string/../sysdeps/x86_64/multiarch/strpbrk.c
cfn=(298) strpbrk
calls=1 29 
* 7
cob=(3)
cfi=(83) ./string/../sysdeps/x86_64/multiarch/strnlen.c
cfn=(294) strnlen
calls=2 31 
* 42
-36 40
+37 40
fi=(5)
77 121
fe=(78)
288 32
+3 24
+24 4
+3 8
+17 12
+2 32
-98 8
+3 2
+7 4
-9 2
fi=(5)
86 14
+2 14
+12 7
-14 28
+14 14
+10 10
+3 13
+1 3
fi=(6)
529 3
fi=(5)
114 3
fi=(6)
529 6
fi=(5)
114 1198
fi=(6)
529 1198
fi=(5)
114 1198
fi=(6)
529 2396
+5 2402
+1 1201
fi=(5)
113 1201
fi=(6)
535 1201
-5 1201
fi=(5)
113 2402
+7 28
+4 20
+2 10
-73 3
fi=(6)
484 3
fi=(5)
52 3
fi=(6)
484 6
fi=(5)
128 6
+1 3
+1 3
-2 3
+2 3
+3 3
-5 3
+2 3
-2 3
+1 6
+2 3
-2 3
+2 9
+2 6
-5 220
+1 110
+1 110
-2 110
+2 110
+3 110
-5 110
+2 110
-2 110
+1 220
+2 110
-2 110
+2 330
+2 220
+9 111
fi=(6)
262 222
+21 222
+4 222
+7 444
fi=(4)
138 285
fi=(6)
294 3658
cfi=(79)
cfn=(280)
calls=92 840 
* 52206
* 828
+2 285
+30 656
450 279
fi=(5)
145 313
-19 339
+32 15
+1 6
fi=(6)
294 2
+22 2
-22 4
fi=(5)
160 6
+3 2
+4 2
-4 2
+4 4
-2 2
-2 2
+2 2
+1 2
-1 4
fi=(6)
294 8
508 2
-1 4
+1 4
+1 2
cfi=(15)
cfn=(436)
calls=1 71 
* 6
cob=(3)
cfi=(81) ./string/../sysdeps/x86/cacheinfo.c
cfn=(290) __x86_cacheinfo
calls=1 86 
* 28
+1 2
fi=(5)
159 2
fi=(6)
510 2
fi=(5)
159 8
-14 3
+1 51
fi=(6)
490 3
+5 2
-1 3
+1 2
-1 1
cfi=(29)
cfn=(80)
calls=1 212 
* 11
+2 4
+1 1
-75 51
+4 68
+5 17
+9 17
-9 34
+9 17
fi=(5)
145 66
fi=(6)
296 156
+3 108
-3 108
+3 216
+2 25
+3 10
+1 15
+11 10
+7 5
cob=(3)
cfi=(92)
cfn=(314)
calls=1 29 
* 22
cob=(3)
cfi=(86)
cfn=(300)
calls=1 65 
* 17
cob=(3)
cfi=(89)
cfn=(306)
calls=1 29 
* 24
cob=(3)
cfi=(118)
cfn=(380)
calls=1 29 
* 21
cob=(3)
cfi=(116)
cfn=(374)
calls=1 29 
* 17
* 15
+3 10
fi=(5)
135 10
+3 2
fi=(6)
296 92
+3 92
-3 200
+3 4
fi=(5)
50 8
fe=(78)
308 14
fi=(6)
-14 29
fe=(78)
+49 20
+3 4
-3 4
+3 4
+4 8
+1 16
cfi=(72)
cfn=(236)
calls=4 117 
* 24
* 8
-63 6
fi=(5)
53 2
175 7
+2 2
+1 2
-1 1
+3 1
-3 4
+3 2
-3 10
+1 10
-1 5
+3 5
-3 20
+3 10
+8 6
fi=(6)
+74 12
+21 12
+4 12
+7 24
fi=(4)
138 18
fi=(6)
294 204
cfi=(79)
cfn=(280)
calls=6 840 
* 3251
* 54
+2 18
+30 36
450 12
fi=(5)
191 18
-16 18
+30 4
fi=(6)
+91 2
+3 2
-3 2
+3 4
-3 2
+3 2
-3 4
fe=(78)

fl=(144)
fn=(474)
77 12
+1 1
+1 1
+3 3
+8 2
+25 1
+1 5
+1 2
-86 4
+86 6
-86 12
+2 20
cfn=(476) call_init.part.0
calls=3 -7 
* 211
+83 12
+7 8
-92 4
+2 6
cfn=(476)
calls=1 -7 
* 61
+52 2

fn=(476)
26 32
+13 4
-13 4
+16 4
-3 8
+3 8
+5 6
+8 9
+1 6
cob=(2)
cfi=(51)
cfn=(478)
calls=1 -56 
* 26
+3 3
+1 6
+6 2
+2 2
-2 1
+3 7
+1 4
cob=(3)
cfi=(149) ./libio/./libio/vtables.c
cfn=(504) check_stdfiles_vtables
calls=1 +13 
* 12
* 4
cob=(3)
cfi=(146) ./csu/./csu/init-first.c
cfn=(496) _init_first
calls=1 -24 
* 92
-1 6
+3 24
-29 2

fl=(41) ./elf/./elf/dl-hwcaps_split.c
fn=(116) _dl_hwcaps_split_masked
51 55
-25 42
+4 24
+4 48
+1 12
-1 24
+2 24
+5 27
cfi=(42)
cfn=(118)
calls=9 -18 
* 216
+1 18
+3 6
+11 12
+1 12
+1 6
-1 6
+1 6
-2 6
+1 6
+1 3
-1 3
+1 27
cfn=(120) _dl_hwcaps_contains
calls=6 +8 
* 30
* 12
-3 5
+7 44
-19 6
cfi=(22)
cfn=(60)
calls=3 -2 
* 51
* 3

fn=(122) _dl_hwcaps_split
25 4
+1 3
+21 1
-20 1
+20 3

fn=(120)
66 6
+1 12
+1 6
+9 6

fl=(129)
fn=(416)
561 4
+3 1
+2 2
+13 1
cfn=(420) _dlfo_process_initial
calls=1 474 
* 79
+1 1
-1 1
+1 1
fi=(28)
56 1
cfi=(27)
cfn=(76)
calls=1 -21 
* 25
fe=(129)
580 1
fi=(28)
56 1
fe=(129)
582 2
+3 2
+5 1
+1 1
cfn=(420)
calls=1 474 
* 280
+3 3
+10 4
-37 2
cfi=(130) ./elf/./dl-find_object.h
cfn=(418) _dl_find_object_from_map
calls=1 95 
* 68
* 1
+29 2
cfn=(422) _dlfo_sort_mappings
calls=1 -60 
* 80
+3 6
+2 1

fn=(420)
474 2
+3 2
-3 2
+1 2
+3 4
+26 14
+1 6
+1 8
-1 16
+3 28
+3 24
-7 10
+25 2
+2 8
-18 18
+3 6
-1 6
cfi=(130)
cfn=(418)
calls=3 95 
* 189
+2 12

fn=(422)
536 1
+1 2
+3 4
+4 1
+1 1
-1 1
+1 2
-1 1
+1 1
-1 1
+1 6
+1 19
-1 9
+8 6
+1 4
-1 2
-13 4
+14 6
+1 4
-15 4
+17 1

fl=(55)
fn=(178)
28 13
+3 13
-3 39
+3 78
+8 91
+2 3
-2 30
+2 10

fl=(13)
fn=(100)
46 5
+2 3
+40 2
cfi=(36)
cfn=(102)
calls=1 +32 
* 6
+15 1
-15 2
+20 1
-1 1
+3 12
+4 3
-2 6
+2 11
+3 2
-1 2
+1 6
-3 8
+3 1
-1 1
+1 3
-3 4
+7 3
-1 3
+4 3
-2 3
+2 12
+9 5

fl=(25)
fn=(68)
28 3
+1 3
+3 48
+13 38
-13 76
+2 80
+1 18
+5 2
-3 2
+3 2
+2 2
+7 1

fl=(19) ./elf/../sysdeps/x86/dl-cacheinfo.h
fn=(46) handle_intel.constprop.0
255 24
-5 24
+16 12
-16 72
+13 12
+1 36
-3 24
+11 60
+5 24
+2 12
+1 12
-1 12
+5 48
cfn=(48) intel_check_word.constprop.0
calls=12 123 
* 3876
+2 24
+3 60
cfn=(48)
calls=12 123 
* 1156
+2 24
+3 5
cfn=(48)
calls=1 123 
* 20
+2 2
+3 5
cfn=(48)
calls=1 123 
* 255
+2 2
-35 3
+39 3
+5 96

fn=(48)
123 78
-4 78
+10 104
-10 26
+10 52
+2 52
+71 200
-71 102
+2 63
+2 126
+8 126
+51 102
+22 51
fi=(20) ./elf/../bits/stdlib-bsearch.h
28 51
-1 102
+4 102
+1 51
fe=(19)
+78 102
fi=(20)
-79 76
+1 38
fe=(19)
+78 76
+3 345
fi=(20)
-84 820
+2 512
+1 256
fe=(19)
+78 512
+15 15
246 104
fi=(20)
37 63
-8 151
fe=(19)
155 36
+3 36
-6 54
+3 14
+9 14
+23 19
-32 57
+3 57
+4 50
+2 100
+2 50
+2 36
+4 11
+2 22
+6 14
+3 8
+1 12
-8 4
+2 4
-1 4
-1 4
+2 8
-2 4
+3 12
-2 12
+2 8
-10 24
+1 10
+11 12
-26 4
+9 4
+23 2
-32 6
+3 6
+4 8
+2 16
+2 8
-11 3
+7 6
+2 12

fn=(52) get_common_cache_info.constprop.0
481 1
+17 1
-17 4
+16 1
-16 1
+15 1
-15 3
+18 1
-1 1
+9 2
+3 3
+11 1
-11 1
-5 1
+21 3
+4 2
681 4
+1 5
+4 2
+9 2
-2 1
+2 2
-1 1
+1 3
535 6
+3 8
+7 2
-7 9
+7 6
+3 26
+14 2
+4 1
+3 1
+1 1
-4 2
+3 3
+6 2
-37 6
+15 2
+4 1
+1 1
-1 2
+18 2
-68 6
+74 4
+8 7
+2 2
+4 3
+2 1
+2 5
-4 1
+16 1
-16 3
+21 2
-21 4
+3 1
+1 4
-4 1
+6 4
+3 2
+5 1
+2 2
+1 1
+1 1
-2 2
+1 1
-19 5
+46 2
+1 1
+1 2
+2 2
-1 3
-23 2
+7 1
+2 2
-16 1
+22 1
-6 2
+1 1
+5 1

fl=(39) ./elf/../sysdeps/x86_64/dl-hwcaps-subdirs.c
fn=(110) _dl_hwcaps_subdirs_active
29 1
fi=(18) ./elf/../sysdeps/x86/get-isa-level.h
+2 1
fe=(39)
+7 1
fi=(18)
-7 2
-1 2
fe=(39)
+22 1
fi=(18)
-20 3
+4 1
fe=(39)
+2 1
fi=(18)
-2 2
+3 4
+1 4
+5 1
fe=(39)
-7 1
fi=(18)
+7 3
fe=(39)
-2 1
fi=(18)
+5 2
+1 3
+2 4
+1 2
+1 2
+6 1
fe=(39)
-11 1
fi=(18)
+11 1
-3 2
fe=(39)

fl=(59)
fn=(192)
153 26
-55 26
+70 30
+1 4
-2 18
+1 18

fl=(130)
fn=(418)
95 8
+1 8
+1 4
+6 20
+1 119
+1 82
+2 12
+5 4

fl=(50)
fn=(158)
25 1
+2 1
+7 1
+1 1
+2 1
+1 1
+1 1
+1 1
+1 33
+3 3
+7 1
+1 1
+1 1
+1 1
+2 1
+1 1
+1 1
+1 1
+2 1
+1 1
+1 1
+9 3
+12 1
+2 1
+1 1
+1 1
-4 12
+2 12
+1 12
+1 12
+2 13
+1 13
+1 13
+2 13
+1 13
+1 13
+2 13
+1 13
+1 13
+2 1
+1 1
+1 1
+2 1
+7 1
+4 1

fl=(46)
fn=(152)
116 2
+1 2

fn=(146)
56 1
+3 2
+4 1
-6 1
+4 1
+2 2
+22 2
+5 2
+1 1
+1 1
-1 1
-1 1
+5 2
+4 2
+8 2
-43 2
+32 6

fn=(186)
38 3
+3 3
-1 6
+4 6
+4 3

fl=(66)
fn=(210)
159 5
+1 3
-1 1
+1 1
-1 2
+1 1
-1 3
+1 1
-1 4
+1 12
-8 1
-7 1
+15 1
-14 1
+6 1
+8 1
-15 1
+7 1
-8 1
+1 1
+7 1
-7 1
+31 3
-28 3
-2 1
+31 1
-33 2
+2 2
+30 2
-30 1
-1 4
+7 4
+24 2
-32 1
+60 1
-60 2
+36 1
fi=(74) ./elf/../include/scratch_buffer.h
77 3
fe=(66)
198 1
fi=(74)
78 1
fe=(66)
200 2
+98 1
198 1
+4 1
+7 1
+4 4
-4 3
+4 12
+11 12
-18 2
+18 4
433 12
+2 2
+3 2
-3 4
+3 2
fi=(28)
56 2
cfi=(27)
cfn=(76)
calls=2 -21 
* 50
* 2
fe=(66)
439 4
+6 2
+1 10
cfi=(29)
cfn=(80)
calls=2 212 
* 22
+1 10
cfi=(29)
cfn=(80)
calls=2 212 
* 22
+4 2
-1 2
+5 16
204 9
458 9
-1 4
+1 8
199 3
+27 10
+5 2
+6 2
-5 2
-1 2
+2 4
+4 8
-31 2
+31 2
+1 6
+6 8
cfi=(31)
cfn=(212)
calls=2 -6 
* 108
* 6
+4 4
-2 2
+2 4
cob=(2)
cfi=(51)
cfn=(164)
calls=2 0 
* 6728
+1 4
+9 2
+2 4
+5 10
+6 2
+2 2
-8 4
+3 2
+1 2
+1 2
+1 2
+4 10
+4 6
+1 3
-43 200
+1 96
+44 144
-38 4
fi=(74)
85 3
fe=(66)
464 6
+1 1
+3 4
+11 3
fi=(28)
56 1
cfi=(27)
cfn=(76)
calls=1 -21 
* 25
* 1
fe=(66)
481 2
+5 3
+1 1
-1 2
+4 2
-2 1
+2 1
-2 2
+13 3
+5 3
-16 9
-2 3
+6 3
+7 3
-2 6
-5 1
+7 1
-2 2
+2 2
+5 1
-16 6
+19 2
+52 3
+37 3
+15 1
-11 1
+11 1
-14 2
+20 1
-1 3
+1 3
-1 5
cfi=(12)
cfn=(246)
calls=1 290 
* 260
+5 1
+3 1
-1 1
+2 2
+7 3
+3 3
+3 8
214 25
+3 2
fi=(74)
-86 6
cfi=(73)
cfn=(240)
calls=2 30 
* 40
fe=(66)
+86 4
+4 6
613 2
cfi=(29)
cfn=(80)
calls=1 212 
* 11
* 1
-53 2
160 2
380 6

fn=(214) openaux
61 6
+7 2
-4 4
+1 2
-1 16
cfi=(31)
cfn=(172)
calls=2 2022 
* 6570
* 2
+5 4

fl=(195) ./elf/./elf/dl-fini.c
fn=(742) _dl_fini
31 9
+20 3
-3 7
+3 4
+3 2
cob=(3)
cfi=(196) ./nptl/./nptl/pthread_mutex_lock.c
cfn=(744) pthread_mutex_lock@@GLIBC_2.2.5
calls=1 +23 
* 43
+2 1
+3 2
+2 6
+7 2
-2 1
+2 1
cfi=(49)
cfn=(466)
calls=1 -28 
* 21
+5 14
+5 1
-5 1
+5 3
+2 8
+2 8
+2 8
+1 4
+1 4
+4 4
-12 12
+14 6
+1 4
+6 5
cfi=(12)
cfn=(246)
calls=1 290 
* 300
+9 2
cob=(3)
cfi=(197) ./nptl/./nptl/pthread_mutex_unlock.c
cfn=(746) pthread_mutex_unlock@@GLIBC_2.2.5
calls=1 367 
* 34
+5 6
+2 1
+2 3
-2 3
+2 9
+3 8
+3 12
+4 2
+11 4
+1 1
+1 2
+1 5
+1 2
cob=(5)
cfi=(150)
cfn=(748)
calls=1 0 
* 92
-1 5
+5 3
+1 6
cob=(2)
cfi=(51)
cfn=(774)
calls=1 0 
* 110
cob=(2)
cfi=(51)
cfn=(770)
calls=1 0 
* 4
+6 8
cfi=(49)
cfn=(772)
calls=4 -57 
* 20
+5 4
-45 12
+49 3
cfi=(49)
cfn=(466)
calls=1 40 
* 21
* 2
-38 9
+3 2
+41 6
+6 2
+7 8
73 2

fl=(8)
fn=(14)
25 4
+3 4
-3 4
+3 8
+3 12
+1 8
+2 4
-1 4
+3 12
+1 4
+4 4
-3 4
+7 4
-4 4
-3 4
+2 8
+5 4
-5 4
-2 4
+7 4
-5 4
+10 4

fl=(133)
fn=(432)
30 2
+10 3
-10 1
+10 2
-10 1
+7 1
+3 2
cfi=(134)
cfn=(434)
calls=1 +34 
* 175
+4 2
+1 8
+2 3
-2 1
+2 3
cfi=(134)
cfn=(434)
calls=1 +27 
* 198
+4 2
+1 6
+1 2
-1 1
+1 2

fl=(16)
fn=(40) update_active.constprop.0
43 7
+45 1
-41 1
+28 1
-18 1
+31 1
+4 1
-36 1
-1 1
+37 1
-26 1
-11 1
+1 1
+36 2
+1 1
-17 1
-21 1
+25 1
-4 1
-11 1
+28 1
-1 1
-36 1
+18 1
+19 1
-13 1
-4 1
-11 1
+19 1
+11 1
-3 1
-12 1
+14 1
-29 1
+18 1
+9 1
-18 1
+13 1
-13 1
-9 1
+29 2
+3 1
-14 1
-9 1
+9 1
+4 1
+10 1
-17 1
+7 1
+5 1
+5 1
+1 1
-1 1
+1 2
+2 2
+1 4
+3 1
+1 1
-1 1
+1 1
-1 1
+1 1
-1 1
+1 1
+4 2
+4 2
+2 4
+83 3
+12 2
+1 1
+3 3
+4 1
-4 1
+4 1
+67 3
+4 3
fi=(18)
31 1
-3 1
+3 1
-1 2
fe=(16)
296 1
+1 8
-75 3
+1 2
+3 1
-1 1
+9 1
-5 1
+2 1
-2 1
+5 1
fi=(18)
32 3
+4 3
fe=(16)
+83 2
+2 1
+3 2
+10 1
+10 1
-10 1
+10 1
-10 1
+6 1
+4 1
-4 1
-6 1
+6 1
+2 1
-2 1
+2 3
+7 4
fi=(18)
39 3
+1 4
+5 1
-7 1
+7 3
+2 1
+1 2
+1 3
+2 4
+1 2
+1 2
+6 1
-4 1
+4 1
-3 2
fe=(16)
+75 1
-5 2
+4 1

fn=(34)
399 1
+16 1
-16 6
+3 1
+1 1
+1 1
+11 2
+3 6
593 1
+94 5
+1 1
+3 2
+1 1
+6 1
+3 1
fi=(19)
+5 1
+2 1
fe=(16)
-9 1
fi=(19)
+23 2
840 1
+46 1
-46 17
+45 2
+25 2
+21 2
-21 2
+13 3
+8 1
-8 1
+8 1
cfi=(10)
cfn=(24)
calls=1 405 
* 21
* 1
+2 2
+3 4
cfi=(10)
cfn=(24)
calls=1 405 
* 21
* 1
+2 1
+3 2
-3 2
+3 1
-3 1
+3 1
cfi=(10)
cfn=(24)
calls=1 405 
* 21
* 1
+1 5
+16 2
-12 5
cfi=(10)
cfn=(24)
calls=1 405 
* 21
* 1
+1 3
+23 1
-17 5
+3 3
-3 1
cfi=(10)
cfn=(24)
calls=1 405 
* 21
+3 3
-3 2
+3 9
cfi=(10)
cfn=(54)
calls=1 157 
* 58
+1 9
cfi=(10)
cfn=(54)
calls=1 157 
* 58
+1 10
cfi=(10)
cfn=(54)
calls=1 157 
* 58
+3 8
cfi=(10)
cfn=(54)
calls=1 157 
* 58
+2 8
cfi=(10)
cfn=(54)
calls=1 157 
* 58
+4 1
fe=(16)
706 1
fi=(19)
967 2
fe=(16)
706 2
fi=(19)
967 4
fe=(16)
706 1
cfi=(10)
cfn=(24)
calls=1 405 
* 19
+4 3
+14 1
-1 2
+1 3
+47 1
-1 1
+1 1
+46 4
cfi=(10)
cfn=(24)
calls=1 405 
* 19
+2 4
cfi=(10)
cfn=(24)
calls=1 405 
* 19
fi=(21) ./elf/../sysdeps/unix/sysv/linux/x86/cpu-features.c
27 6
fe=(16)
829 2
+45 8
fi=(19)
+19 11
fe=(16)
775 3
+27 2
-10 2
+1 2
+2 3
+1 2
+2 3
+1 2
fi=(19)
-75 3
cfn=(46)
calls=1 255 
* 437
+1 1
-1 2
+1 1
cfn=(46)
calls=1 255 
* 478
+1 1
-1 1
+1 1
cfn=(46)
calls=1 255 
* 503
+3 1
-3 2
+3 1
cfn=(46)
calls=1 255 
* 459
+2 1
-2 1
+2 1
cfn=(46)
calls=1 255 
* 451
+3 1
-2 1
-1 1
+3 1
cfn=(46)
calls=1 255 
* 428
+2 1
-2 1
+2 1
cfn=(46)
calls=1 255 
* 429
+3 1
-2 1
-1 1
+3 1
cfn=(46)
calls=1 255 
* 469
+2 1
-2 1
+2 1
cfn=(46)
calls=1 255 
* 470
+3 1
-3 1
+3 1
cfn=(46)
calls=1 255 
* 494
+2 1
-2 1
+2 1
cfn=(46)
calls=1 255 
* 495
+2 1
-2 1
+2 1
cfn=(46)
calls=1 255 
* 790
+2 3
-2 1
+2 1
cfn=(52)
calls=1 481 
* 215
863 15
fe=(16)
424 6
cfn=(36) get_common_indices.constprop.0
calls=1 -99 
* 71
303 3
+1 2
+1 6
+5 2
+1 6
+5 2
+1 6
429 1
cfn=(40)
calls=1 43 
* 194
+2 1
+2 1
+83 1
-85 2
564 2
+7 2
+2 1
+4 2
+6 2
422 2
-3 1
+14 3
+1 4
+69 1
+10 11
+42 1
+1 1
434 11
+55 3

fn=(36)
325 1
+4 4
+3 3
+5 2
-5 1
+5 1
-5 1
+4 1
+1 1
+1 4
+1 4
+1 3
+1 2
+7 2
+2 5
+5 1
-5 1
+5 1
-5 1
+5 1
-5 2
+5 1
+7 1
-7 4
+7 1
+1 3
+6 1
-6 4
+6 1
fi=(17) ./elf/../sysdeps/unix/sysv/linux/x86/dl-minsigstacksize.h
24 2
+3 2
+1 2
+37 3
+7 1
+2 1
fe=(16)
384 2

fl=(14)
fn=(28)
35 1
+1 3
+1 2
+6 1
+1 1

fl=(44)
fn=(132)
125 7
+1 35
+6 7
+1 7
+1 7
+1 7
+2 1
+1 1
+1 1
+65 4
+1 4
+2 4
+76 6
+1 6
+5 6
+3 6
+1 6
+3 2
+1 2
+13 2
+1 2
+2 2
+3 1
+3 2
+3 1
+1 1
+1 1
+1 1
+1 1
+1 1
+1 1
-6 27
+1 27
+1 27
+1 27
+1 27
+1 27
+1 27
+3 2
+1 2
+1 2
+1 2
+5 2

fl=(65)
fn=(208)
25 1
+2 7
+4 1

fl=(38)
fn=(108)
175 5
+1 1
-1 6
+1 1
-1 1
+1 1
-1 1
+1 1
-1 1
+1 2
cfi=(10)
cfn=(24)
calls=1 405 
* 21
* 1
+2 2
+1 3
+26 2
-26 1
+25 1
cfi=(39)
cfn=(110)
calls=1 29 
* 47
fi=(40) ./elf/./dl-hwcaps.h
54 1
fe=(38)
205 1
-1 1
fi=(40)
56 1
+32 1
+1 1
+1 1
fe=(38)
-35 2
cfi=(41)
cfn=(116)
calls=1 -4 
* 13
* 2
fi=(40)
-1 1
+2 2
-2 1
+34 2
+1 2
+1 1
fe=(38)
-32 2
-1 2
+1 2
+1 2
-1 2
-3 4
cfi=(41)
cfn=(116)
calls=2 -4 
* 114
* 2
cfi=(41)
cfn=(116)
calls=1 -4 
* 122
* 6
+48 5
fi=(28)
-47 1
cfi=(27)
cfn=(76)
calls=1 -21 
* 25
fe=(38)
+47 1
+2 2
+3 2
fi=(40)
-52 1
fe=(38)
+55 1
-3 1
fi=(40)
-54 2
+3 1
fe=(38)
+58 2
cfi=(41)
cfn=(122)
calls=1 -90 
* 12
* 2
fi=(40)
-61 1
+2 2
-2 1
+34 2
+1 2
+1 1
fe=(38)
+40 4
+1 2
-1 6
+2 2
+1 2
-2 6
-3 4
cfi=(41)
cfn=(116)
calls=2 -77 
* 114
* 2
cfi=(41)
cfn=(116)
calls=1 -77 
* 122
* 6
+8 2
+9 1
-15 1
+15 2
-15 1
+15 8
+9 2
+4 7
cfi=(43)
cfn=(124)
calls=1 22 
* 41
+1 2
+1 1
+4 1
+1 2
+1 1
-20 2
+19 1
+1 1
-20 2
-1 4
+70 1
+1 1
+4 1
-5 2
+1 4
+4 2
-4 1
+4 4
+1 1
-1 1
+1 2
+1 2
-2 5
+1 1
-1 1
+1 2
+1 2
-2 5
+5 1
+3 2
-3 2
+3 15
+7 1
-7 2
+2 3
+1 4
+2 1
fi=(207) ./elf/../sysdeps/x86/dl-hwcap.h
57 1
fe=(38)
233 2
fi=(207)
57 1
fe=(38)
233 2
fi=(207)
57 1
fe=(38)
233 1
+1 1
cfi=(22)
cfn=(60)
calls=1 41 
* 17
+1 1
+1 1
-6 1
+4 1
+1 1
-5 1
+5 1
+1 1
-1 2
-5 4
+10 3
-2 3
+2 1
+1 1
+1 1
-1 1
+4 4
+1 1
-1 1
+4 2
+4 1
-1 1
+1 4
-1 2
+4 3
+1 3
+19 10
+6 2
fi=(28)
56 1
cfi=(27)
cfn=(76)
calls=1 -21 
* 25
* 1
fe=(38)
283 2
+8 1
fi=(40)
54 1
+2 1
+34 1
-2 2
fe=(38)
-5 1
291 1
fi=(40)
54 1
+35 1
fe=(38)
291 1
fi=(40)
90 1
fe=(38)
-10 2
cfi=(41)
cfn=(116)
calls=1 -29 
* 13
* 2
fi=(40)
-26 2
+2 1
fe=(38)
+27 1
fi=(40)
-29 1
+34 2
+1 2
+1 1
fe=(38)
-8 2
+1 4
+7 2
-7 10
cfi=(29)
cfn=(128)
calls=2 199 
* 26
+4 2
+2 2
+2 2
-2 4
-9 4
cfi=(41)
cfn=(116)
calls=2 -29 
* 114
* 2
cfi=(41)
cfn=(116)
calls=1 -29 
* 122
* 6
304 1
+2 1
-2 1
-48 2
+72 1
-72 1
376 2
+13 2
-58 1
+45 1
+13 1
-58 1
-75 1
+82 1
+10 2
-92 1
+88 1
+4 3
-4 1
+3 7
-3 2
-3 1
+3 1
cfi=(29)
cfn=(128)
calls=1 199 
* 18
* 2
-3 1
+3 1
cfi=(29)
cfn=(128)
calls=1 199 
* 18
* 2
+3 2
-3 4
+3 5
+1 12
+1 2
-2 1
+2 1
cfi=(29)
cfn=(128)
calls=1 199 
* 15
* 2
-2 2
+5 8
cfi=(29)
cfn=(128)
calls=2 199 
* 30
* 4
+2 5
+5 6
+1 1
-1 3
+1 7
-1 25
+5 11
+4 1
-1 1
+1 2
-4 12
+4 2
-1 2
+1 13
-1 9
+1 18
+1 24
-1 12
-1 12
+2 24
-1 24
-1 24
+4 9
+3 1
+2 2
-1 1
-1 1
+2 1
-2 1
+2 2
-1 1
+1 2
+2 6
+1 2
+3 2
-6 2
+6 3
+7 8
+1 1
-1 2
+3 2
-3 3
+1 3
-1 6
+3 6
+3 4
-80 2
+86 9
-20 1
+1 2
-6 3
259 2
+1 2
+1 4
-1 3
+12 4
-44 2
+34 4
-2 3

fl=(29)
fn=(80)
212 17
+1 17
+6 17
+1 17
+2 10
+1 10
+1 10
+2 7
+1 7
+1 7
+2 7
360 7
+1 7
+2 1
+4 1
+1 1
+1 1
+1 1
+1 1
+4 1
+2 1
+39 6
+1 6
+1 6
+1 6
+1 6
+7 3
+1 3
+1 3
+1 3
+1 3
+1 3
+1 3
+11 3
+1 3
+2 3
+1 3
+1 3

fn=(128)
199 32
+1 32
+1 32
+1 32
+17 32
+1 32
+2 6
+1 6
+1 6
+2 5
+1 5
+1 5
+2 5
360 26
+1 26
+2 8
+4 8
+1 3
+1 3
+1 2
+1 2
+1 2
+1 2
+2 2
+2 3
+6 5
+1 5
+1 5
+1 5
+1 5
+29 18
+1 18
+1 18
+1 18
+1 18
+7 1
+1 1
+1 1
+1 1
+1 1
+1 1
+1 1
+11 1
+1 1
+2 1
+1 1
+1 1

fl=(42)
fn=(118)
23 15
+1 15
+1 15
+1 15
+1 15
+1 15
+1 15
+1 15
+1 15
+1 15
+1 15
+1 15
+1 15
+1 15
+1 15
+1 15
+1 15
+1 15
+1 13
+4 13
+1 13
+1 13
+1 13
+2 13
+4 2
+1 2
+1 2
+1 2
+1 2
+1 2
+1 2
+1 2
+1 2
+1 2
+1 2
+1 2
+1 2
+1 2
+1 2
+1 2
+1 2
+1 2
+1 2
+1 2
+1 2
+1 2
+1 2
+1 2
+52 2
+4 2
+1 2
+1 2
+1 2
+2 2

fl=(134)
fn=(434)
74 30
+2 3
-2 3
+4 3
-4 3
+2 3
+2 9
+37 3
-37 9
+1 6
+2 12
+3 25
-52 3
+54 6
-54 3
+54 3
-54 9
+1 9
+2 6
+1 6
+12 12
+3 3
+2 3
-2 3
+2 9
cfi=(32)
cfn=(90)
calls=3 +55 
* 207
* 6
+4 6
+1 3
-1 3
+1 18
+1 9
cfi=(32)
cfn=(90)
calls=3 +49 
* 75
* 6
+57 27
-23 6

fl=(52)
fn=(162)
225 10
+2 2
cob=(2)
cfi=(51)
cfn=(164)
calls=1 0 
* 2759
+1 2
+1 1
+1 1
-1 1
+1 1
+2 5

fn=(250)
238 6
+1 1
+1 1
+3 1
+1 1
+2 1
cfi=(2)
cfn=(252)
calls=1 696 
* 4136
+2 1
+1 1
+1 4

fn=(166)
175 9
+5 3
-5 9
+5 3
-2 6
+22 3
-1 3
+7 6
-6 3
+3 6
+3 3
cfi=(53)
cfn=(168)
calls=3 30 
* 72
* 12
+2 9
cfi=(66)
cfn=(214)
calls=2 61 
* 6606
cfi=(2)
cfn=(170)
calls=1 663 
* 2698
+2 3
-1 3
+1 3
-1 3
+1 6
+9 12

fl=(68)
fn=(468)
537 1
+1 4
-1 1
+3 2
cfi=(72)
cfn=(470)
calls=1 117 
* 6
+1 1
+4 1
+2 2

fn=(222)
416 10
+2 2
+3 3
+74 1
208 1
495 2
+3 3
fi=(70) ./elf/../sysdeps/x86/dl-procinfo.h
39 2
+3 3
cfi=(32)
cfn=(90)
calls=1 +66 
* 25
* 4
fe=(68)
212 6
cfi=(10)
cfn=(24)
calls=1 405 
* 21
* 1
+16 2
-16 1
+6 2
+10 1
-7 5
+9 3
+1 1
-37 2
+37 1
+4 2
-5 21
+1 7
-37 14
+37 7
+4 14
+4 24
cfn=(230) _dl_cache_libcmp
calls=8 370 
* 608
+1 16
359 7
+3 2
228 2
360 6
228 15
+2 5
+20 2
+3 2
+2 4
cfn=(230)
calls=1 370 
* 74
* 2
-7 2
-30 2
+1 1
+95 1
-95 1
-1 8
+96 3
-47 2
+10 2
+1 3
fi=(69) ./elf/../sysdeps/generic/dl-cache.h
125 5
fe=(68)
294 2
+9 2
+3 2
+2 3
+1 2
+5 2
+1 4
+7 2
+21 4
513 2
+12 2
cfi=(22)
cfn=(60)
calls=1 41 
* 33
* 12
+1 1
-1 1
+1 1
-1 1
+1 1
cfi=(29)
cfn=(80)
calls=1 212 
* 11
* 1
+1 1
cfi=(45)
cfn=(140)
calls=1 40 
* 89
+1 8
-3 2
424 4
cfi=(54)
cfn=(224) _dl_sysdep_read_whole_file
calls=1 36 
* 91
* 1
+8 5
+1 8
+3 4
+1 1
-1 3
fi=(69)
194 1
+1 5
fe=(68)
444 1
+1 2

fn=(230)
370 9
+1 9
+32 9
-33 18
+1 20
+2 45
+2 45
-2 90
+20 88
+2 88
-12 36
+2 36
+14 36
+1 36
-29 72
+32 3
-28 2
+8 1
-2 2
+1 2
-1 1
+2 3
+2 1
-3 1
+3 3
+2 2
+9 24

fl=(77)
fn=(270)
252 8
42 1
+9 1
-10 1
+4 1
-4 1
+3 1
+4 2
+1 2
-1 2
+14 2
254 8

fl=(75)
fn=(256) _dl_check_map_versions
155 32
+15 4
-15 8
+15 8
+2 20
+2 4
+1 4
-1 4
+1 4
+2 8
+3 4
-16 2
-8 2
+28 2
-4 2
+4 4
+16 2
36 4
200 2
36 10
+1 5
-1 10
+2 21
cfi=(54)
cfn=(174)
calls=7 +30 
* 805
* 14
208 6
+5 2
-71 4
+71 6
+8 2
-2 2
-2 4
+4 2
-4 12
+4 7
-2 7
-2 14
+4 7
-4 72
56 36
+8 27
+6 27
+16 9
+1 18
+2 9
+5 81
+14 186
+12 252
+4 84
-30 168
224 36
+3 27
+5 7
-11 7
110 9
+3 36
cfi=(32)
cfn=(90)
calls=9 -5 
* 309
* 38
236 8
+14 4
+3 8
+10 42
-7 168
+3 126
-3 8
+3 6
+8 6
+6 3
fi=(28)
44 3
fe=(75)
273 3
fi=(28)
44 3
cfi=(27)
cfn=(72)
calls=3 +34 
* 108
fe=(75)
272 3
fi=(28)
44 3
fe=(75)
274 6
+13 3
-3 3
+3 12
+2 9
+3 8
+4 6
+7 9
+1 9
-1 27
+1 9
+1 9
-2 9
+2 18
+1 27
+3 27
+5 7
-15 7
+2 7
-2 7
+2 7
-2 7
+2 14
-2 2
+2 2
-2 2
+2 2
-2 2
+2 4
+16 6
+39 36
-29 9
+3 8
+4 42
+6 42
+1 42
+1 42
-1 126
+1 42
-1 42
+1 42
+1 42
+3 126
+4 42
-14 88
+10 6
164 2
+86 2
-94 2
+94 3

fn=(254)
361 6
+4 5
-2 2
+4 24
cfn=(256)
calls=4 155 
* 4053
-2 4
+2 12
-1 4
-1 8
+5 7

fl=(67)
fn=(220)
28 20
+1 40
cfi=(59)
cfn=(192)
calls=10 153 
* 98

fl=(79)
fn=(280)
840 1040
+10 104
-10 208
+10 104
-10 104
+10 104
204 104
840 104
204 520
581 416
-1 208
+2 104
-1 104
+1 312
-1 312
+1 1303
-1 1303
+1 3909
-1 3909
+2 104
846 104
-4 104
+1 104
+7 104
-8 104
+1 104
+7 389
+3 104
+2 208
-2 104
+6 208
-7 624
+7 35
+1 1456
cfn=(282) do_lookup_x
calls=104 363 
* 36935
* 312
+28 104
-23 104
+23 104
-23 208
+24 566
+7 97
-7 97
+40 388
+79 194
-65 291
+3 291
-62 104
+69 936
-86 42
+18 21
+59 2

fn=(284) check_match
70 100
+3 100
-3 1200
+3 396
+13 98
-13 98
+13 98
-13 98
+13 294
+3 340
cfi=(32)
cfn=(90)
calls=36 +19 
* 1670
* 72
+4 98
+1 196
+2 192
+19 192
+1 768
+2 2
-40 97
+84 582
-18 4
+2 4
+1 2
-1 4
+1 6
-1 4
+9 1
+7 18
-45 285
cfi=(32)
cfn=(90)
calls=95 -9 
* 2513
* 190
-44 8
+82 4

fn=(282)
363 832
+1 104
-1 520
+48 104
-30 208
-11 104
+41 104
-30 312
+30 104
fi=(80) ./elf/../sysdeps/generic/dl-protected.h
44 312
fe=(79)
381 104
fi=(80)
44 416
fe=(79)
395 978
+4 326
+4 326
-3 326
+3 1304
+1 978
+3 326
+1 652
+7 326
-3 652
-2 326
+5 1304
+3 2282
570 690
374 654
+3 654
+4 660
+4 652
+4 652
+88 194
fi=(4)
137 194
+1 291
fe=(79)
528 194
fi=(80)
29 194
fe=(79)
535 748
+16 194
+1 97
+1 194
422 412
-1 206
+2 206
+2 1236
+13 438
-10 1215
+3 100
-1 200
+1 100
-1 100
+2 200
-1 1200
cfn=(284)
calls=100 70 
* 9734
+4 300
+3 6
573 7
+1 832
-35 21
-70 12
171 42
452 776

fl=(54)
fn=(174)
68 84
+1 28
cfi=(32)
cfn=(90)
calls=14 +39 
* 500
* 28
+3 14
+2 28
+6 15
-6 30
+1 54
cfi=(32)
cfn=(90)
calls=18 +33 
* 733
* 36
+8 3
-13 3
+13 20
-1 11
+1 33

fn=(224)
36 2
+3 1
-3 6
+3 1
-3 1
+3 1
cfi=(55)
cfn=(178)
calls=1 -11 
* 19
+1 2
+23 7
-21 4
cfi=(58)
cfn=(190)
calls=1 -13 
* 15
* 2
+2 2
+3 2
+13 2
cfi=(64)
cfn=(204)
calls=1 -35 
* 6
* 1
-11 6
cfi=(60)
cfn=(194)
calls=1 -2 
* 9
* 2

ob=(4)
fl=(145)
fn=(490)
0 5

fn=(482)
0 12

fn=(776)
0 11
cob=(2)
cfi=(51)
cfn=(782)
calls=1 0 
0 74
0 10
cfn=(788) 0x0000000000001070
calls=1 0 
0 5
0 5

fn=(788)
0 5

ob=(3)
fl=(158)
fn=(544)
25 13
+4 1
+1 2
-1 2
+1 1
-1 1
+1 1
-1 1
+1 1
-1 1
+1 1
cfi=(159) ./stdio-common/./stdio-common/vfscanf-internal.c
cfn=(546) __vfscanf_internal
calls=1 278 
* 3666
+4 5

fl=(194) ./stdlib/./stdlib/cxa_thread_atexit_impl.c
fn=(740) __call_tls_dtors
149 4
+1 4
+18 4

fl=(105)
fn=(346)
31 1
fi=(208) ./string/../sysdeps/x86_64/multiarch/ifunc-strcasecmp.h
+1 5
fe=(105)
-1 1

fl=(163) ./libio/./libio/filedoalloc.c
fn=(558) _IO_file_doallocate
78 18
+6 8
fi=(185) ./libio/./libio/libioP.h
940 6
+2 4
+1 4
fe=(163)
84 6
cfi=(162) ./libio/./libio/fileops.c
cfn=(560) _IO_file_stat
calls=2 1146 
* 36
* 4
+2 8
+11 8
+4 4
cob=(2)
cfi=(51)
cfn=(566)
calls=2 0 
* 1991
* 2
+1 4
+2 8
cfi=(161) ./libio/./libio/genops.c
cfn=(592) _IO_setb
calls=2 329 
* 48
+1 2
+1 16

fl=(170) ./misc/./misc/sbrk.c
fn=(588) sbrk
37 4
+6 2
-6 2
+3 2
-3 4
+3 2
+3 2
+20 1
+15 10
-20 4
+1 2
cfi=(171) ./misc/../sysdeps/unix/sysv/linux/brk.c
cfn=(590) brk
calls=1 -24 
* 9
* 2
+4 1
-1 4
+4 4
+8 1
cfi=(171)
cfn=(590)
calls=1 -39 
* 9
* 2

fl=(162)
fn=(658) _IO_do_write@@GLIBC_2.2.5
423 3
+2 9
+1 1
-3 2
fi=(185)
940 2
fe=(162)
423 4
fi=(185)
940 2
fe=(162)
423 2
fi=(185)
940 4
fe=(162)
423 10
+20 2
-10 4
+7 8
fi=(185)
942 4
+1 4
fe=(162)
448 8
cfn=(732) _IO_file_write@@GLIBC_2.2.5
calls=2 1173 
* 92
* 2
+1 10
+2 2
+4 4
-3 4
-1 4
+4 6
-2 2
-28 8
+1 16
+28 6

fn=(554) _IO_file_underflow@@GLIBC_2.2.5
461 5
+4 15
-4 40
+7 10
+6 15
+3 10
+12 8
+9 10
fi=(185)
940 5
+2 5
-2 5
fe=(162)
505 10
cfi=(161)
cfn=(594) _IO_switch_to_get_mode
calls=5 164 
* 125
+6 5
+5 5
-5 5
fi=(185)
942 10
fe=(162)
511 5
fi=(185)
942 5
fe=(162)
511 15
fi=(185)
943 10
fe=(162)
516 20
cfn=(596) _IO_file_read
calls=5 1130 
* 70
+2 10
+16 4
-9 4
+9 8
+2 8
+1 32
-6 1
-10 5
+11 1
-11 2
+16 8
-57 3
+5 2
cfi=(161)
cfn=(556) _IO_doallocbuf
calls=1 343 
* 1923
+4 4

fn=(656) _IO_file_overflow@@GLIBC_2.2.5
731 15
+1 12
+7 13
+37 2
-2 6
-32 2
+12 2
+9 3
+5 3
+2 2
-3 2
+3 1
+1 1
-6 1
+1 1
+5 4
+16 3
-12 3
+1 3
+11 6
-12 3
cfn=(658)
calls=3 423 
* 225
-31 2
cfi=(161)
cfn=(556)
calls=1 343 
* 306
+1 1
+9 1
-9 5

fn=(804) _IO_file_setbuf@@GLIBC_2.2.5
381 6
+1 2
cfi=(161)
cfn=(806) _IO_default_setbuf
calls=2 +70 
* 138
* 4
+3 2
+4 4
-2 6
+3 4

fn=(654) _IO_file_xsputn@@GLIBC_2.2.5
1197 7140
+7 1428
-7 4284
+6 5382
+9 2526
-2 5052
+17 3789
+1 1262
+3 3786
+2 1262
+2 1262
+2 2524
-2 1262
+1 1262
+1 1262
-2 1262
cob=(2)
cfi=(51)
cfn=(668)
calls=1262 0 
* 24246
* 1262
+4 2524
+28 12852
-36 1
+12 1
fi=(185)
940 3
+2 2
+1 2
fe=(162)
1243 1
fi=(185)
940 3
+2 2
+1 2
fe=(162)
1243 6
cfn=(656)
calls=2 731 
* 495
* 4
+6 4
+1 14
+2 4
+11 6
+1 8
cfi=(161)
cfn=(660) _IO_default_xsputn
calls=2 371 
* 149
+2 6

fn=(732)
1173 14
+2 12
+5 2
cfi=(192) ./io/../sysdeps/unix/sysv/linux/write.c
cfn=(734) write
calls=2 25 
* 18
+1 4
+5 2
+1 2
-12 4
+4 6
+1 4
+10 6
+3 12
-4 6

fn=(560)
1146 2
+1 4
cfi=(164) ./io/../sysdeps/unix/sysv/linux/fstat64.c
cfn=(562) fstat
calls=2 29 
* 30

fn=(596)
1130 5
+1 5
+2 5
-1 5
+1 10
cfi=(172) ./io/../sysdeps/unix/sysv/linux/read.c
cfn=(598) read
calls=5 25 
* 40

fn=(808) _IO_file_sync@@GLIBC_2.2.5
792 10
+5 8
+2 2
+1 4
+11 4
+4 8

fl=(149)
fn=(504)
83 1
+1 4
+1 3
+1 3
+2 1

fl=(201) ./posix/../sysdeps/unix/sysv/linux/_exit.c
fn=(810) _Exit
27 2
+3 1
+1 2

fl=(181)
fn=(632)
307 317
+1 317
+6 317
+1 317
+42 317
+1 317
+2 55
+1 55
+33 262
+1 262
+1 262
+1 262
+2 262
+17 55
+1 55
+1 55
+1 55
+1 55

fn=(670)
294 1262
+1 1262
+1 1262
+1 1262
+17 1262
+1 1262
+42 1262
+1 1262
+2 1140
+1 1140
+2 864
+4 864
+1 826
+1 826
+1 826
+1 826
+1 241
+1 241
+2 241
+2 241
-2 585
+2 585
+6 38
+1 38
+1 38
+1 38
+1 38
+7 122
+1 122
+1 122
+1 122
+2 122
+17 276
+1 276
+1 276
+1 276
+1 276

fl=(87)
fn=(302)
29 1
fi=(88) ./wcsmbs/../sysdeps/x86_64/multiarch/ifunc-wcslen.h
+5 4
-1 2
+2 3
+2 2
+4 3
+3 3
fe=(87)
-15 1

fl=(99)
fn=(332)
30 1
fi=(95) ./wcsmbs/../sysdeps/x86_64/multiarch/ifunc-avx2.h
+3 5
-1 2
+2 3
+2 2
+4 3
+3 4
fe=(99)
-13 1

fl=(155) ./setjmp/../sysdeps/x86_64/setjmp.S
fn=(536) __sigsetjmp
30 1
+2 1
+9 1
+1 2
+1 1
+4 1
+1 1
+1 1
+1 1
+1 1
+2 2
+2 1
+1 1
+1 1
+2 2
+2 1
+5 1
+1 1
+17 1
cfi=(156) ./setjmp/./setjmp/sigjmp.c
cfn=(538) __sigjmp_save
calls=1 -56 
* 9

fl=(168) ./stdlib/../sysdeps/unix/sysv/linux/getrandom.c
fn=(574) getrandom
28 1
+1 7
+1 1

fl=(197)
fn=(746)
367 1
51 3
+1 2
367 1
57 2
+8 1
-3 1
-23 1
+1 2
+30 1
369 2
40 3
+1 2
+33 2
+6 4
+4 3
+3 3

fl=(128)
fn=(408)
31 1
fi=(124) ./string/../sysdeps/x86_64/multiarch/ifunc-evex.h
+4 5
-1 2
+2 3
+5 2
-3 2
+9 3
+3 4
fe=(128)
-19 1

fl=(179)
fn=(626)
50 671
+13 671
+1 671
+1 671
+3 671
+2 671
+1 671
+3 671
+1 671
+8 671
+1 671
+1 671
+5 1342

fl=(118)
fn=(380)
29 2
fi=(84) ./string/../sysdeps/x86_64/multiarch/ifunc-avx2.h
+4 10
-1 4
+2 6
+2 4
+4 6
+3 8
fe=(118)
-14 2

fl=(100)
fn=(336)
31 1
fi=(101) ./string/../sysdeps/x86_64/multiarch/ifunc-strcpy.h
+5 2
+1 1
-1 2
+1 2
+2 2
+4 3
+3 3
fe=(100)
-15 1

fl=(160) ./nptl/./nptl/libc-cleanup.c
fn=(548) __libc_cleanup_push_defer
24 168
+3 336
+3 672
+1 168
+2 168
+1 168

fn=(606) __libc_cleanup_pop_restore
39 168
+3 336
+2 336
+1 336
+2 168

fl=(187)
fn=(702)
53 10
+6 10
+2 10
+5 10
+2 10
+1 10
+1 10
+2 2
+1 2
+2 2
+1 2
+1 2
+14 2
+1 2
+2 1
+1 1
+7 1
+1 1
304 8
+1 8
+1 8
+1 8
+10 8
+1 8
+31 1
+2 1
+2 1
+1 1
-3 8
+2 8
+1 8
-1 1
+1 1
+1 10
+1 10
+1 2
+1 2
+31 1
+1 1
+1 1
+1 1
+1 1
609 2
+1 2
+1 2
+1 2
+10 4
+4 8
+1 8
+1 8
+1 8
+10 16

fl=(127)
fn=(406)
31 1
fi=(208)
+1 5
fe=(127)
-1 1

fl=(171)
fn=(590)
35 2
+1 8
+1 4
+6 2
+1 2

fl=(102)
fn=(340)
31 2
fi=(103) ./wcsmbs/../sysdeps/x86_64/multiarch/ifunc-evex.h
+4 10
-1 4
+2 6
+5 4
-3 4
+9 6
+3 8
fe=(102)
-19 2

fl=(137) ./ctype/./ctype/ctype-info.c
fn=(442) __ctype_init
29 1
+2 7
+2 4
+2 4
+1 1

fl=(91)
fn=(310)
29 1
fi=(88)
+5 4
-1 2
+2 3
+2 2
+4 3
+3 3
fe=(91)
-15 1

fl=(106)
fn=(348)
29 1
fi=(209) ./string/../sysdeps/x86_64/multiarch/ifunc-sse4_2.h
+1 5
fe=(106)
-1 1

fl=(125)
fn=(400)
29 1
fi=(209)
+1 5
fe=(125)
-1 1

fl=(188)
fn=(716)
25 1815
+7 165
-4 330
+4 330
-4 165
+5 165
-1 165
+1 165
-5 165
+4 165
+1 165
-1 165
+1 165
cfi=(189) ./stdio-common/./stdio-common/vfprintf-internal.c
cfn=(718) __vfprintf_internal
calls=165 1180 
* 209321
+4 825

fl=(119)
fn=(384)
29 1
fi=(101)
+7 2
+1 1
-1 2
+1 2
+2 2
+4 3
+3 3
fe=(119)
-17 1

fl=(152) ./stdlib/./stdlib/cxa_atexit.c
fn=(512) __cxa_atexit
69 9
-28 2
+2 6
+1 2
cfn=(514) __new_exitfn
calls=1 +38 
* 32
+2 2
+10 1
+2 1
-5 3
+3 1
-1 1
+4 2
+1 1
-1 2
+12 6

fn=(514)
82 1
+6 2
-6 4
+11 4
-10 2
+12 4
-2 1
+10 1
-10 3
+45 1
+5 1
-4 1
+4 4
-18 1
-1 1
+1 1

fl=(161)
fn=(550) __uflow
299 25
+1 15
+5 15
+3 5
173 5
308 10
+2 10
+6 10
+7 5
fi=(185)
940 15
+2 10
+1 10
fe=(161)
323 5
+1 5
-1 5
+1 10
-1 5
cfn=(552) _IO_default_uflow
calls=5 +38 
* 2549
-23 10
+21 15

fn=(798) _IO_flush_all_lockp
686 12
+5 6
cfi=(160)
cfn=(548)
calls=1 24 
* 10
+1 9
+3 1
-8 1
+5 2
+3 2
fi=(185)
940 4
fe=(161)
706 1
fi=(185)
942 2
+1 2
fe=(161)
706 3
cfi=(162)
cfn=(656)
calls=1 +25 
* 133
+1 3
+2 6
+2 3
-16 9
+2 3
+1 6
+3 20
+14 9
+1 2
cfi=(160)
cfn=(606)
calls=1 39 
* 8
+4 12

fn=(806)
452 4
fi=(185)
940 2
fe=(161)
452 4
fi=(185)
940 2
fe=(161)
452 2
fi=(185)
940 2
fe=(161)
452 8
+1 2
fi=(185)
942 4
+1 4
fe=(161)
453 4
cfi=(162)
cfn=(808)
calls=2 792 
* 36
* 4
+4 2
330 2
462 2
-7 4
332 4
+5 2
-5 2
+5 2
467 2
332 2
466 8
+2 12
-11 2
+1 4
-1 2
330 8

fn=(556)
343 2
+1 4
-1 6
+3 8
+1 2
fi=(185)
940 6
+2 4
+1 4
fe=(161)
347 4
cfi=(163)
cfn=(558)
calls=2 78 
* 2177
* 4
+3 8

fn=(592)
329 18
+1 8
+5 4
-3 2
+3 8
+3 8

fn=(594)
164 25
+1 15
+3 15
+4 10
+1 10
+7 5
-4 5
+4 5
-2 10
+3 5
+1 20

fn=(796) _IO_cleanup
863 2
+3 1
-3 9
-77 1
+80 1
cfn=(798)
calls=1 686 
* 269
-80 2
+80 1
-80 3
cfi=(160)
cfn=(548)
calls=1 24 
* 10
+1 9
+3 1
-3 2
+3 2
fi=(185)
940 4
fe=(161)
838 3
-48 9
+9 9
+2 6
+6 26
+8 10
+9 2
fi=(185)
942 4
+1 4
fe=(161)
824 8
cfi=(162)
cfn=(804)
calls=2 381 
* 166
+2 6
+4 10
+1 16
+11 9
+1 2
cfi=(160)
cfn=(606)
calls=1 39 
* 8
+35 12
-59 2
-2 2
+3 2
-3 2
+2 6

fn=(660)
371 2
+3 4
-3 16
fi=(185)
940 2
fe=(161)
371 2
fi=(185)
940 2
fe=(161)
371 2
fi=(185)
940 2
fe=(161)
371 4
+18 4
+8 2
+2 4
-20 8
+2 6
+3 4
+20 2
-29 2
+29 14
-11 18
+1 12
-1 6
+1 2
-1 3
+1 10
-1 16

fn=(552)
361 10
fi=(185)
940 10
fe=(161)
361 5
fi=(185)
940 5
fe=(161)
361 10
+1 5
fi=(185)
942 10
+1 10
fe=(161)
362 10
cfi=(162)
cfn=(554)
calls=5 +99 
* 2428
+1 10
+2 16
+1 20

fn=(600) _IO_sputbackc
635 25
+3 15
+1 10
+9 5
+3 20
-10 10
+1 5
+5 5

fl=(85)
fn=(298)
29 1
fi=(209)
+1 5
fe=(85)
-1 1

fl=(107)
fn=(350)
43 1
-6 5
+6 1

fl=(198)
fn=(756)
30 4
+3 4
-3 14
+3 8
+3 6
+4 12
-4 6
+58 8
+4 12
-4 6
+11 4
+1 4
cfi=(199) ./posix/./posix/register-atfork.c
cfn=(758) __unregister_atfork
calls=2 -30 
* 32
+1 8
+1 16

fl=(186)
fn=(666)
83 2016
+23 2016
+1 2016
+2 2016
+1 2016
+1 2016
+1 2016
+1 2016
+2 1828
+1 1828
+1 1828
+1 1828
+1 1828
+1 1828
+1 1828
+1 1828
+18 1828
+1 1828
+1 1828
+3 3656
656 517
+2 517
+1 517
+1 517
+1 517
+9 517
+1 517
+3 517
+1 517
+3 67
+4 134
+36 121
+1 121
+4 121
+11 121
+1 121
+1 121
+2 242
+10 188
+1 188
+2 96
+1 96
+1 96
+1 96
+1 96
+1 96
+1 96
+15 92
+1 92
+1 92
+1 92
+1 92
+1 92
+1 92
+1 92
+1 92
+2 67
+2 67
+13 67
+1 67
+23 67
+1 67
+31 67
+1 67
+2 67
+1 67

fl=(120)
fn=(388)
29 1
fi=(121) ./wcsmbs/../sysdeps/x86_64/multiarch/ifunc-memcmp.h
+5 2
+1 1
-1 2
+1 2
+1 2
+1 3
+2 2
+4 3
+3 3
fe=(120)
-17 1

fl=(147) ./misc/./misc/init-misc.c
fn=(498) __init_misc
30 1
+1 2
-1 4
+1 3
+2 3
cob=(2)
cfi=(51)
cfn=(500)
calls=1 -33 
* 48
+4 5
+1 3
+2 4

fl=(166)
fn=(690)
3352 1657
+4 3314
-4 1657
+14 1657
-14 3314
+12 1657
+4 1657
-4 1657
+4 3314
+17 4971
fi=(167) ./malloc/./malloc/arena.c
162 4971
fe=(166)
3391 3314
cfn=(694) _int_free
calls=1657 4421 
* 115839
+3 1657
+1 6628

fn=(578) tcache_init.part.0
3235 3
+9 8
+1 3
cfn=(580) _int_malloc
calls=1 1343 
* 367
* 1
+1 2
+8 4
+7 2
+2 1
+1 2
-1 1
+1 86
+3 4

fn=(582) sysmalloc
2548 9
+20 4
+11 2
+1 3
+26 1
+1 3
+1 1
+9 4
+6 3
+3 3
2941 2
+1 1
+5 2
+3 2
+5 2
-2 1
+2 1
-1 1
+1 1
-3 1
+3 1
+1 1
-1 3
+1 1
+2 2
+6 11
2687 2
+9 4
+13 3
+8 5
+8 2
+39 2
+2 3
+6 2
+3 2
2896 1
-1 1
+1 3
+1 1
+11 2
fi=(167)
565 1
fe=(166)
2727 1
cfi=(169) ./malloc/./malloc/morecore.c
cfn=(586) __glibc_morecore
calls=1 25 
* 57
+1 2
-1 1
+1 1
2028 1
2729 1
2028 1
2729 1
2028 2
2730 1
+3 2
+33 2
2610 2
2775 2
+40 3
+22 1
+1 1
-1 1
+1 6
+2 2
+1 3
cfi=(169)
cfn=(586)
calls=1 25 
* 28
+12 2
-12 1
+12 1
2028 4
2897 4
2765 2
-52 3

fn=(568)
3287 10650
+7 3550
1343 3548
+19 7100
3306 7100
+3 3548
+10 1470
+28 2450
1362 1774
3304 5322
-63 4
cfn=(578)
calls=1 -6 
* 484
+68 2
+2 5319
3193 2570
+1 2570
+2 1285
+1 1285
-1 3855
+1 1285
+1 1285
3347 6425
-26 1960
cfn=(580)
calls=490 1343 
* 69683
+1 2450
fi=(167)
162 980
315 1
cfn=(572) ptmalloc_init.part.0
calls=1 -2 
* 1128
fe=(166)
1343 2

fn=(580)
1343 982
3771 491
1362 491
3771 3928
1362 982
3904 454
+2 454
-2 454
+2 908
1362 982
3811 982
4397 982
3838 982
+63 6
+62 70
+1 6
3847 70
-6 35
+9 35
+1 35
-1 70
+1 175
+5 70
+1 70
+7 35
-1 70
+1 175
+5 35
+1 35
3183 35
3870 35
+5 590
3181 236
+2 118
+2 118
-2 236
+2 118
-8 118
+8 118
3869 118
+1 668
+2 236
+2 118
+1 118
-1 236
-21 1464
-10 488
+2 2335
4399 908
3903 454
4399 5902
3983 454
+1 454
-1 908
-1 908
+2 908
-1 2
+1 2
-1 4
-1 4
+2 4
-2 1365
+12 455
-6 455
+73 1820
-67 1366
-6 1
+73 4
-67 3
2005 105
4413 4419
4183 912
+2 6
+3 2
-3 2
+3 4
+68 912
+1 456
+1 456
-1 456
+1 456
+1 912
+1 1368
+5 912
+4 1368
+3 1816
-3 1362
+3 1816
-3 908
+3 1359
+97 456
+1 912
+2 912
+3 1370
+17 3
3904 3
4380 455
-2 910
+2 455
-1 455
+6 455
-5 455
-3 455
+3 455
+2 455
-2 1820
2005 455
4382 455
2005 910
4407 4
cfn=(582)
calls=1 2548 
* 239
* 1
+1 2
2005 3

fn=(694)
4421 13256
+10 1657
-10 4971
+10 3314
+6 8285
+1 3314
+4 6628
+8 8285
-1 3314
+1 3314
+29 1657
-20 1657
-6 1657
+6 3314
+20 6628
+14 938
+11 1876
+2 1407
2012 1407
4527 469
+1 469
+4 1407
+2 1407
+4 938
+2 1876
+1 469
+19 1818
4702 18227
3181 1188
+4 1188
-4 1188
+2 4752
+1 1188
+1 1188
4482 1188

fl=(81)
fn=(290)
86 1
fi=(82) ./string/../sysdeps/x86/cacheinfo.h
-25 1
+3 3
+2 1
+1 1
-1 2
+7 3
+2 1
+1 1
-1 2
+5 2
+2 2
+1 2
+1 2
+2 2
fe=(81)
* 2

fl=(146)
fn=(496)
46 4
+5 2
+4 5
+8 1
-2 1
+10 1
-9 1
+1 1
+9 2
-1 1
cfi=(147)
cfn=(498)
calls=1 -41 
* 73

fl=(94)
fn=(318)
31 2
fi=(95)
+2 10
-1 4
+2 6
+2 4
+4 6
+3 8
fe=(94)
-12 2

fl=(136)
fn=(440)
33 7
+2 1
cfi=(137)
cfn=(442)
calls=1 -6 
* 17
+3 1
fi=(139) ./elf/../sysdeps/nptl/pthread_early_init.h
-5 2
fe=(136)
+8 1
-3 1
fi=(139)
-5 1
cfi=(138) ./resource/../sysdeps/unix/sysv/linux/getrlimit64.c
cfn=(444) getrlimit
calls=1 +5 
* 10
* 3
+1 6
+11 1
fi=(210) ./elf/../nptl/nptl-stack.h
+13 3
fi=(139)
-13 1
fi=(210)
+13 2
fi=(139)
-4 1
fi=(210)
+4 2
fi=(139)
-6 1
fi=(210)
+6 1
fi=(139)
-12 1
+6 6
+1 1
+4 1
cfi=(140) ./nptl/./nptl/pthread_mutex_conf.c
cfn=(448) __pthread_tunables_init
calls=1 -7 
* 884
fe=(136)
-10 3
+2 2
-2 1
cfi=(143) ./nptl/../sysdeps/unix/sysv/linux/x86/elision-conf.c
cfn=(462) __lll_elision_init
calls=1 +49 
* 147

fl=(159)
fn=(546)
278 13
+10 5
+1 1
fi=(175) ./stdio-common/../include/scratch_buffer.h
78 1
fe=(159)
289 1
fi=(175)
77 2
fe=(159)
339 1
fi=(175)
77 1
fe=(159)
339 4
+6 4
+3 4
+4 2
+13 1
-6 1
+8 2
-8 1
+8 1
+5 1
-5 1
+5 6
cfi=(160)
cfn=(548)
calls=1 24 
* 10
* 3
+9 1
-4 1
+4 3
570 1
284 1
-1 1
+10 1
-11 1
570 2
2429 4
328 2
+4 1
-5 1
-1 1
-1 1
-12 1
2180 1
2429 1
2180 5
418 8
+24 8
+1 8
+3 10
-65 16
3015 8
+3 21
+1 15
-1 6
222 4
+1 4
-1 2
488 2
222 2
488 4
222 2
488 4
372 11
482 2
+22 8
+25 2
-4 8
+7 20
+80 4
+5 2
-1 4
+1 4
+1 3
+3 6
+1 16
+6 15
+3 4
-3 2
+3 10
-3 1
+3 4
-3 6
+4 14
+1 10
+4 4
-4 4
cfi=(161)
cfn=(600)
calls=2 +2 
* 38
+4 16
-9 2
cfi=(161)
cfn=(550)
calls=1 299 
* 2092
* 2
3025 13
cfi=(160)
cfn=(606)
calls=1 39 
* 8
fi=(175)
85 3
fe=(159)
3029 2
+17 2
+6 12
442 2
+6 4
618 3
1398 20
+5 6
+9 12
1733 4
+9 2
fi=(175)
113 8
fe=(159)
1742 4
fi=(175)
113 6
fe=(159)
1740 78
260 24
1797 12
260 24
+3 36
1799 48
+2 108
-68 24
+2 28
+2 10
+67 4
206 2
1811 4
214 4
1812 4
+28 12
cfi=(161)
cfn=(600)
calls=2 635 
* 38
260 6
+3 6
1844 4
1669 2
206 2
1862 4
1669 4
1861 6
+1 2
cfi=(173)
cfn=(602) __strtol_internal
calls=2 97 
* 402
* 2
+6 6
+3 10
+6 2
-4 4
+4 4
+23 4
1390 2
-1 2
+2 2
1742 10
1435 8
+3 8
3020 5
cfi=(161)
cfn=(600)
calls=1 635 
* 19
* 1
1879 4
+17 20
-15 4
+1 6

fl=(169)
fn=(586)
25 2
+1 4
-1 2
+4 2
cfi=(170)
cfn=(588)
calls=2 +8 
* 67
+1 4
+4 4

fl=(176)
fn=(612)
181 4
+1 12
+5 4
+1 4
+1 4
+1 4
+69 4
+1 4
+88 4
+1 4
+1 4
+1 960004
+1 4
+1 8

fl=(89)
fn=(306)
29 2
fi=(90) ./string/../sysdeps/x86_64/multiarch/ifunc-memset.h
+21 10
+3 6
+7 4
+9 4
+2 4
+10 4
+8 4
+2 10
fe=(89)

fl=(97)
fn=(324)
28 1
fi=(84)
+5 5
-1 2
+2 3
+2 2
+4 3
+3 4
fe=(97)
-15 1

fl=(156)
fn=(538)
28 3
+2 2
-1 1
+5 3

fl=(165) ./io/../sysdeps/unix/sysv/linux/fstatat64.c
fn=(564) fstatat
153 4
-55 4
+70 6
+1 2

fl=(184)
fn=(650)
33 2184
+2 273
cob=(2)
cfi=(51)
cfn=(652)
calls=273 -35 
* 4368
+1 273
-1 273
+1 3276
+3 273
-3 273
+3 273
-3 273
+3 546
-1 544
+1 1
+1 1
fi=(185)
940 3
+2 2
+1 2
fe=(184)
40 272
fi=(185)
940 816
+2 544
+1 544
fe=(184)
40 819
cfi=(162)
cfn=(654)
calls=273 1197 
* 17601
* 546
+1 1911
+1 1092
fi=(185)
883 546
+1 2730
fe=(184)
46 1911

fl=(164)
fn=(562)
29 4
+1 4
+5 6
cfi=(165)
cfn=(564)
calls=2 153 
* 16

fl=(192)
fn=(734)
25 2
+1 14
+1 2

fl=(110)
fn=(358)
29 1
fi=(111) ./string/../sysdeps/x86_64/multiarch/ifunc-memcmp.h
+5 2
+1 1
-1 2
+1 2
+1 2
+1 3
+2 2
+4 3
+3 3
fe=(110)
-17 1

fl=(122)
fn=(392)
33 1
fi=(101)
+3 2
+1 1
-1 2
+1 2
+2 2
+4 3
+3 3
fe=(122)
-13 1

fl=(148)
fn=(502)
46 1
+1 1
+1 1
+2 1
+1 1
+3 1
+1 1
+1 1
+33 1
+1 1
+1 1
+1 1
+1 1
+1 1
+1 1
+1 1
+1 1
+1 1
+3 1
+1 1
+2 1
+1 1
+2 1
+13 1
+1 1
+1 1
+1 1
+1 1
+1 1
+1 1
+1 1
+32 1
+1 1
+19 1
+1 1
+1 1
+15 1
+1 1
+1 1
+1 1
+1 1
+2 1
+1 1
+1 1
+1 2

fl=(173)
fn=(642)
105 491
+1 1964
cfi=(174) ./stdlib/../stdlib/strtol_l.c
cfn=(604) ____strtol_l_internal
calls=491 225 
* 60345

fn=(602)
97 2
+1 6
cfi=(174)
cfn=(604)
calls=2 225 
* 394

fl=(96)
fn=(322)
61 1
-20 2
+1 1
-1 2
-1 2
+2 2
+2 2
+4 3
+3 3
+10 1

fl=(116)
fn=(374)
29 2
fi=(101)
+7 4
+1 2
-1 4
+1 4
+2 4
+4 6
+3 6
fe=(116)
-17 2

fl=(123)
fn=(396)
29 1
fi=(124)
+6 5
-1 2
+2 3
+5 2
-3 2
+9 3
+3 4
fe=(123)
-21 1

fl=(172)
fn=(598)
25 5
+1 30
+1 5

fl=(191) ./stdio-common/./stdio-common/_itoa.c
fn=(724) _itoa_word
163 660
+3 1320
+2 660
+9 9900
+9 660

fl=(143)
fn=(462)
96 2
+5 1
-5 1
+5 1
-5 3
+5 3
cob=(2)
cfi=(51)
cfn=(450)
calls=1 0 
* 22
+2 4
cob=(2)
cfi=(51)
cfn=(450)
calls=1 0 
* 22
+2 4
cob=(2)
cfi=(51)
cfn=(450)
calls=1 0 
* 22
+2 4
cob=(2)
cfi=(51)
cfn=(450)
calls=1 0 
* 22
+2 4
cob=(2)
cfi=(51)
cfn=(450)
calls=1 0 
* 22
+4 3
+1 1
+1 6

fl=(98)
fn=(328)
29 2
fi=(93) ./string/../sysdeps/x86_64/multiarch/ifunc-memmove.h
+24 6
-1 4
+4 6
+14 4
+2 4
+8 4
+8 4
+2 10
fe=(98)

fl=(140)
fn=(448)
50 2
+1 2
-1 4
+1 3
cob=(2)
cfi=(51)
cfn=(450)
calls=1 -51 
* 840
+2 4
cob=(2)
cfi=(51)
cfn=(450)
calls=1 -53 
* 23
+2 6

fl=(83)
fn=(294)
31 2
fi=(84)
+2 10
-1 4
+2 6
+2 4
+4 6
+3 8
fe=(83)
-12 2

fl=(112)
fn=(362)
31 2
fi=(113) ./wcsmbs/../sysdeps/x86_64/multiarch/ifunc-wmemset.h
+2 10
+1 6
+2 4
+8 6
+3 8
fe=(112)
-16 2

fl=(117)
fn=(378)
31 1
fi=(208)
+1 5
fe=(117)
-1 1

fl=(153) ./csu/../sysdeps/nptl/libc_start_call_main.h
fn=(532) (below main)
29 4
+15 1
-15 5
+15 1
cfi=(154) ./setjmp/../sysdeps/x86_64/bsd-_setjmp.S
cfn=(534) _setjmp
calls=1 -16 
* 34
* 1
+2 2
+5 2
+1 2
+3 2
+3 6
cob=(5)
cfi=(157)
cfn=(540)
calls=1 +34 
* 10045704
* 1
+16 1
cfi=(193) ./stdlib/./stdlib/exit.c
cfn=(736) exit
calls=1 +68 
* 1642

fl=(92)
fn=(314)
29 2
fi=(93)
+24 6
-1 4
+4 6
+14 4
+2 4
+8 4
+8 4
+2 10
fe=(92)

fl=(167)
fn=(572)
313 1
fi=(166)
3162 3
fe=(167)
313 5
+5 1
fi=(166)
3162 2
cfi=(168)
cfn=(574)
calls=1 28 
* 9
* 2
fe=(167)
343 2
+4 3
fi=(166)
1966 4
+3 1
-3 1
+3 2
-3 2
+3 126
-3 126
+3 252
-3 252
fe=(167)
352 3
fi=(166)
1977 1
+1 1
+2 1
fe=(167)
352 1
cob=(2)
cfi=(51)
cfn=(450)
calls=1 0 
* 23
+1 4
cob=(2)
cfi=(51)
cfn=(450)
calls=1 0 
* 22
+1 4
cob=(2)
cfi=(51)
cfn=(450)
calls=1 0 
* 23
+1 4
cob=(2)
cfi=(51)
cfn=(450)
calls=1 0 
* 23
+1 4
cob=(2)
cfi=(51)
cfn=(450)
calls=1 0 
* 22
+1 4
cob=(2)
cfi=(51)
cfn=(450)
calls=1 0 
* 23
+1 4
cob=(2)
cfi=(51)
cfn=(450)
calls=1 0 
* 23
+2 4
cob=(2)
cfi=(51)
cfn=(450)
calls=1 0 
* 23
+1 4
cob=(2)
cfi=(51)
cfn=(450)
calls=1 0 
* 23
+1 4
cob=(2)
cfi=(51)
cfn=(450)
calls=1 0 
* 23
+3 4
cob=(2)
cfi=(51)
cfn=(450)
calls=1 0 
* 23
+1 4
cob=(2)
cfi=(51)
cfn=(450)
calls=1 0 
* 23
+1 2
+63 7

fl=(174)
fn=(604)
225 1479
+54 493
-54 1972
+19 493
-19 1479
+14 493
-14 493
+26 986
+31 1972
+9 2958
+2 986
+5 986
-1 493
+6 986
+4 986
+10 986
+10 1972
-82 986
377 493
+56 1972
309 493
449 493
+10 1479
-10 493
+10 493
+12 986
-5 1069
+5 1069
+1 3207
-41 2138
+2 3290
+2 3207
+28 3207
+3 2138
+11 986
+5 1479
+1 2
+5 986
324 986
491 1479
-2 986
+17 2465
+18 3944

fl=(190)
fn=(722)
51 660
+2 660
+1 660
+1 660
+1 660
+1 660
+3 660
+1 660
+4 660
+1 660
+1 660
+1 660
+1 660
+1 660
+1 660
+1 660
+6 660
+1 1320

fl=(104)
fn=(344)
66 1
-25 4
+1 3
+2 2
+5 3
+3 3
+14 1

fl=(196)
fn=(744)
77 1
+3 3
+2 1
+2 2
-7 2
+11 2
+79 1
+3 1
+2 1
+3 1
+2 1
+1 3
-81 2
+11 4
+4 1
+3 2
-71 1
+1 8
+1 1
+84 3
+1 2

fl=(114)
fn=(366)
29 1
fi=(84)
+4 5
-1 2
+2 3
+2 2
+4 3
+3 4
fe=(114)
-14 1

fl=(126)
fn=(402)
33 1
fi=(93)
+20 3
-1 2
+4 3
+14 2
+2 2
+8 2
+8 2
+2 5
fe=(126)

fl=(177)
fn=(616)
34 81306
+3 27102
+1 81294
+5 67751
-5 4
cfi=(161)
cfn=(550)
calls=4 299 
* 647

fl=(115)
fn=(370)
31 1
fi=(84)
+2 5
-1 2
+2 3
+2 2
+4 3
+3 4
fe=(115)
-12 1

fl=(86)
fn=(300)
65 2
-24 4
+1 2
-1 4
+1 4
+2 4
+5 6
+3 6
+13 2

fl=(108)
fn=(352)
29 1
fi=(101)
+7 2
+1 1
-1 2
+1 2
+2 2
+4 3
+3 3
fe=(108)
-17 1

fl=(138)
fn=(444)
38 2
+1 7
+1 1

fl=(154)
fn=(534)
28 1
+2 1
+2 1
cfi=(155)
cfn=(536)
calls=1 -2 
* 31

fl=(189)
fn=(718)
1180 1980
+30 825
+8 495
+4 825
+11 330
+11 165
fi=(211) ./stdio-common/./stdio-common/printf-parse.h
111 330
fe=(189)
1244 825
fi=(211)
111 165
cob=(2)
cfi=(51)
cfn=(720)
calls=165 0 
* 3465
fe=(189)
1259 165
fi=(211)
111 165
fe=(189)
1259 495
239 165
fi=(212) ./stdio-common/../libio/libioP.h
940 165
fe=(189)
1263 165
fi=(212)
942 165
-2 165
fe=(189)
1263 165
fi=(212)
940 330
+2 330
+1 330
fe=(189)
239 660
cfi=(162)
cfn=(654)
calls=165 1197 
* 3300
* 330
127 1485
1263 330
+4 495
+4 1320
1532 165
1214 165
+34 165
-8 165
1532 495
+23 165
-39 165
+39 165
-39 165
+39 330
1313 7425
+39 495
-51 495
-1 495
-1 495
-1 495
+5 495
1501 495
fi=(211)
88 495
fe=(189)
1352 495
-46 495
-4 495
+50 495
1501 495
1295 495
-1 495
-1 495
-1 495
-1 495
+16 990
1608 330
+1 330
+3 1980
-4 1485
1218 330
+41 660
cfi=(160)
cfn=(548)
calls=165 24 
* 1650
+1 2145
-1 330
1609 330
cfi=(160)
cfn=(606)
calls=165 39 
* 1320
+2 165
-47 165
-47 3630
-1 4290
cfi=(191)
cfn=(724)
calls=330 163 
* 13200
* 10230
192 660
+47 330
fi=(212)
942 990
+1 660
fe=(189)
239 1320
cfi=(162)
cfn=(654)
calls=330 1197 
* 22262
* 660
127 5445
1517 990
-54 330
+53 660
+73 495
fi=(211)
111 495
fe=(189)
1583 495
fi=(211)
111 990
cob=(2)
cfi=(51)
cfn=(720)
calls=495 0 
* 10395
fe=(189)
239 495
fi=(212)
942 495
fe=(189)
1593 495
fi=(211)
111 495
fi=(212)
942 495
fe=(189)
1593 495
fi=(212)
942 495
+1 990
fe=(189)
239 1980
cfi=(162)
cfn=(654)
calls=495 1197 
* 32670
* 990
127 6435
1593 990
+2 1155
-79 6600
192 660
1392 660
1516 2640
+1 330
cob=(2)
cfi=(51)
cfn=(652)
calls=165 0 
* 2640
* 330
-1 3300
239 165
fi=(212)
942 495
+1 330
fe=(189)
239 660
cfi=(162)
cfn=(654)
calls=165 1197 
* 10509
* 330
127 990
1516 660

fl=(193)
fn=(738) __run_exit_handlers
40 11
+5 2
+3 5
+50 1
-42 1
+2 3
+8 6
+2 1
+3 1
-3 1
+3 6
+34 1
+1 1
+1 1
-2 1
+7 1
-3 2
+3 3
+1 3
cob=(1)
cfi=(195)
cfn=(742)
calls=1 -82 
* 897
+1 4
+10 2
+1 2
-63 1
+69 4
+2 2
+1 6
cfi=(161)
cfn=(796)
calls=1 863 
* 641
* 3
+2 2
cfi=(201)
cfn=(810)
calls=1 27 
* 5
-90 1
cfi=(194)
cfn=(740)
calls=1 149 
* 12
* 1

fn=(736)
142 3
+1 3
-1 1
+1 1
cfn=(738)
calls=1 40 
* 1634

fl=(199)
fn=(758)
76 4
+1 2
-1 2
+1 6
fi=(200) ./posix/../malloc/dynarray-skeleton.c
243 2
fe=(199)
65 4
+38 8
+1 4

fl=(109)
fn=(356)
31 1
fi=(208)
+1 5
fe=(109)
-1 1

fl=(151)
fn=(510)
242 12
343 3
+1 3
cfi=(152)
cfn=(512)
calls=1 69 
* 71
+25 6
+6 2
-3 2
+10 2
cob=(2)
cfi=(51)
cfn=(526)
calls=1 0 
* 836
+2 2
+8 4
cfi=(153)
cfn=(532)
calls=1 29 
* 10047408
128 2
+6 3
+1 6
cob=(2)
cfi=(51)
cfn=(516)
calls=1 0 
* 7
* 1
+3 1
+1 2
+3 2
+1 2
-1 1
+2 7
+1 4
cob=(5)
cfi=(150)
cfn=(520)
calls=1 0 
* 12
-1 4

totals: 10191551
