# callgrind format
version: 1
creator: callgrind-3.18.1
pid: 563244
cmd:  ./Bakery
part: 1


desc: I1 cache: 
desc: D1 cache: 
desc: LL cache: 

desc: Timerange: Basic block 0 - 552590
desc: Trigger: Program termination

positions: line
events: Ir
summary: 2652154


ob=(5) /home/tia/Prog/Bakery
fl=(157) /home/tia/Prog/Bakery.c
fn=(668) insert_order
613 246
+1 738
+8 488
-2 9461
+2 18434
+2 9171
-2 27513
+5 198
+1 198
+1 198
+15 198
-13 92
+7 46
+1 46
+1 46
+1 46
+3 46
-29 2
+1 2
+1 4

fn=(540) main
43 2
+3 1
-3 9
+3 2
-1 2
+1 1
cob=(2) ???
cfi=(51) ???
cfn=(542) 0x0000000000109160
calls=1 -46 
* 3398
* 2
+22 2
+3 1
+1 1
-4 1
+3 1
-3 1
+3 1
-3 33
-15 1
+1 1
+17 3
+1 1
-4 5
+4 5
fi=(177) /usr/include/x86_64-linux-gnu/bits/stdio.h
-23 2
cob=(2)
cfi=(51)
cfn=(610) 0x0000000000109170
calls=1 -49 
* 21
* 540
cob=(2)
cfi=(51)
cfn=(610)
calls=270 -49 
* 5670
* 271
fe=(157)
+26 813
+4 1892
+1 39
+4 13
+2 13
+7 26
+5 13
+1 26
-11 153
+5 19
-3 19
-1 19
+4 19
cfn=(676) remove_order
calls=19 646 
* 209
+3 44
+6 13
+1 18
fi=(181) /usr/include/x86_64-linux-gnu/bits/stdio2.h
+9 133
cob=(2)
cfi=(51)
cfn=(678) 0x0000000000109150
calls=19 0 
* 30225
fe=(157)
+38 57
fi=(177)
49 271
fe=(157)
158 542
+6 270
+1 4360
+1 3820
-1 1910
fi=(177)
49 1910
cob=(2)
cfi=(51)
cfn=(610)
calls=1910 -49 
* 40269
* 270
cob=(2)
cfi=(51)
cfn=(610)
calls=270 -49 
* 5829
* 2180
fe=(157)
165 6540
+3 270
+2 1698
+68 1464
+53 672
432 948
172 904
+1 452
-1 452
fi=(177)
49 1356
cob=(2)
cfi=(51)
cfn=(610)
calls=452 -49 
* 9492
* 78
cob=(2)
cfi=(51)
cfn=(610)
calls=26 -49 
* 546
fe=(157)
172 1434
+4 26
605 104
-1 52
+2 26
+1 26
-1 78
-1 78
+1 426
+1 426
-1 1278
-1 1278
+4 208
181 197
+1 81
cob=(2)
cfi=(51)
cfn=(656) 0x0000000000109120
calls=27 0 
* 625
* 54
fi=(181)
-70 12
cob=(2)
cfi=(51)
cfn=(632) 0x00000000001090f0
calls=6 0 
* 2190
fe=(157)
+75 6
+1 1160
fi=(177)
49 1172
cob=(2)
cfi=(51)
cfn=(610)
calls=586 -49 
* 12306
fe=(157)
188 1178
fi=(177)
49 219
cob=(2)
cfi=(51)
cfn=(610)
calls=219 -49 
* 4757
fe=(157)
159 219
+2 874
-47 6
+10 12
+7 1
+1 1
+1 1
+1 2
238 40
+2 40
+1 362
-1 362
fi=(177)
49 1086
cob=(2)
cfi=(51)
cfn=(610)
calls=362 -49 
* 7602
* 60
cob=(2)
cfi=(51)
cfn=(610)
calls=20 -49 
* 420
fe=(157)
240 4202
+3 20
+6 1209
+1 1188
cob=(2)
cfi=(51)
cfn=(656)
calls=396 0 
* 9274
* 792
fi=(181)
112 28
cob=(2)
cfi=(51)
cfn=(632)
calls=14 0 
* 5712
fe=(157)
605 62
-1 40
+2 20
+1 20
-1 60
-1 60
+1 342
+1 342
-1 1026
-1 1026
+4 160
265 123
+1 15
cob=(2)
cfi=(51)
cfn=(656)
calls=5 0 
* 115
* 9
cob=(2)
cfi=(51)
cfn=(656)
calls=3 0 
* 69
* 16
+1 16
+14 8
cob=(2)
cfi=(51)
cfn=(660) 0x00000000001090e0
calls=4 0 
* 364
fi=(181)
112 8
cob=(2)
cfi=(51)
cfn=(632)
calls=4 0 
* 1448
fe=(157)
286 4
-21 12
fi=(181)
112 4
cob=(2)
cfi=(51)
cfn=(632)
calls=2 0 
* 770
* 2
fe=(157)
267 8
+4 1
+1 2
+19 120
+3 291
+1 822
-1 309
+14 60
605 384
310 5952
+1 2976
-1 2976
fi=(177)
49 8928
cob=(2)
cfi=(51)
cfn=(610)
calls=2976 -49 
* 62655
* 576
cob=(2)
cfi=(51)
cfn=(610)
calls=192 -49 
* 4032
fe=(157)
310 6336
+6 192
-3 192
+3 192
cob=(2)
cfi=(51)
cfn=(616) 0x0000000000109140
calls=192 0 
* 33262
605 192
316 192
605 576
-1 384
+2 192
+1 192
-1 576
-1 576
+1 2784
+1 2784
-1 8352
-1 8352
+4 1536
318 384
cob=(2)
cfi=(51)
cfn=(618) 0x0000000000109100
calls=192 0 
* 3072
* 576
cob=(2)
cfi=(51)
cfn=(616)
calls=192 0 
* 33580
* 192
fi=(179) /usr/include/x86_64-linux-gnu/bits/string_fortified.h
79 384
fe=(157)
320 384
+1 522
-1 522
fi=(177)
49 1566
cob=(2)
cfi=(51)
cfn=(610)
calls=522 -49 
* 10962
* 576
cob=(2)
cfi=(51)
cfn=(610)
calls=192 -49 
* 4032
fe=(157)
320 1428
fi=(180) /usr/include/stdlib.h
+44 576
fe=(157)
-38 192
-3 192
fi=(180)
+41 192
cob=(2)
cfi=(51)
cfn=(626) 0x0000000000109130
calls=192 0 
* 27006
* 192
fe=(157)
-38 3688
+1 576
-1 576
fi=(177)
49 1728
cob=(2)
cfi=(51)
cfn=(610)
calls=576 -49 
* 12096
* 576
cob=(2)
cfi=(51)
cfn=(610)
calls=192 -49 
* 4032
fe=(157)
326 1708
fi=(180)
+38 516
fe=(157)
-35 172
fi=(180)
+35 172
cob=(2)
cfi=(51)
cfn=(626)
calls=172 0 
* 25112
* 60
fe=(157)
-35 20
fi=(180)
+35 20
cob=(2)
cfi=(51)
cfn=(626)
calls=20 0 
* 2920
fe=(157)
-30 192
-4 192
fi=(180)
+34 192
fe=(157)
-30 384
+1 9
+1 9
+1 9
-29 444
fi=(181)
112 40
cob=(2)
cfi=(51)
cfn=(632)
calls=20 0 
* 7400
fe=(157)
371 40
+2 40
+17 80
-16 80
+2 20
-2 20
605 60
374 3344
+2 836
-2 836
605 3364
-1 1712
+2 856
+1 856
-1 2568
-1 2568
+1 15529
+1 15529
-1 46587
-1 46587
+4 6848
376 9426
cob=(2)
cfi=(51)
cfn=(656)
calls=1571 0 
* 44896
* 3142
+1 2568
+1 4280
+1 856
-1 856
605 856
378 856
605 1712
379 1545
-1 1545
605 1545
378 1545
605 5491
-1 4802
+2 2401
+1 2401
-1 7203
-1 7203
+1 33712
+1 33712
-1 101136
-1 101136
+4 19208
379 14388
+1 63415
cob=(2)
cfi=(51)
cfn=(656)
calls=12491 0 
* 315490
* 24982
+1 3225
-2 15261
+5 1936
-7 1936
+7 3872
-7 7766
257 831
+1 813
cob=(2)
cfi=(51)
cfn=(656)
calls=271 0 
* 6285
* 543
432 1020
+4 7338
+1 3669
-1 3669
fi=(177)
49 11007
cob=(2)
cfi=(51)
cfn=(610)
calls=3669 -49 
* 77049
* 612
cob=(2)
cfi=(51)
cfn=(610)
calls=204 -49 
* 4284
fe=(157)
436 7746
+5 204
-2 204
+2 204
cob=(2)
cfi=(51)
cfn=(618)
calls=204 0 
* 3264
* 204
+2 816
cob=(2)
cfi=(51)
cfn=(616)
calls=204 0 
* 19220
* 204
fi=(179)
79 816
fe=(157)
605 204
-1 204
+2 204
+1 204
-1 612
-1 612
+1 3465
+1 3465
-1 10395
-1 10395
+4 1224
447 2894
cob=(2)
cfi=(51)
cfn=(656)
calls=366 0 
* 8466
* 1090
+9 537
+1 243
-1 243
fi=(177)
49 729
cob=(2)
cfi=(51)
cfn=(610)
calls=243 -49 
* 5103
* 537
cob=(2)
cfi=(51)
cfn=(610)
calls=179 -49 
* 3759
fe=(157)
456 1624
fi=(180)
-92 537
fe=(157)
+95 179
fi=(180)
-95 179
cob=(2)
cfi=(51)
cfn=(626)
calls=179 0 
* 20548
* 358
fe=(157)
464 1074
+1 179
-1 537
+1 828
-1 2484
+4 895
+6 179
-1 179
605 179
473 179
605 358
474 293
-1 293
605 293
473 293
605 1058
-1 944
+2 472
+1 472
-1 1416
-1 1416
+1 6537
+1 6537
-1 19611
-1 19611
+4 3776
474 3926
+1 11108
cob=(2)
cfi=(51)
cfn=(656)
calls=2170 0 
* 55304
* 4340
+1 677
-2 2031
-2 1886
+11 206
+3 322
cob=(2)
cfi=(51)
cfn=(616)
calls=161 0 
* 19213
+3 161
-2 161
-1 161
+2 161
+1 161
cob=(2)
cfi=(51)
cfn=(616)
calls=161 0 
* 29079
fi=(179)
79 161
fe=(157)
489 161
fi=(179)
79 2219
fe=(157)
491 322
cob=(2)
cfi=(51)
cfn=(660)
calls=161 0 
* 14651
+1 161
+1 161
+3 322
-4 161
+2 322
+2 161
cfn=(668)
calls=161 613 
* 49984
fi=(181)
112 358
cob=(2)
cfi=(51)
cfn=(632)
calls=179 0 
* 66230
* 179
fe=(157)
474 7940
+27 36
cob=(2)
cfi=(51)
cfn=(616)
calls=18 0 
* 1962
+3 18
-2 18
-1 18
+2 18
+1 18
cob=(2)
cfi=(51)
cfn=(616)
calls=18 0 
* 3402
fi=(179)
79 18
fe=(157)
504 18
fi=(179)
79 245
fe=(157)
506 36
cob=(2)
cfi=(51)
cfn=(660)
calls=18 0 
* 1638
+1 18
+2 18
+1 36
-3 18
+1 36
+2 18
cfn=(668)
calls=18 613 
* 4419
+3 72
+2 81
-1 81
+90 81
-90 81
+91 324
+1 81
+1 81
-1 243
-1 243
+1 1117
+1 1117
-1 3351
-1 3351
+4 486
-94 486
+11 16
+8 8
+1 8
+3 8
-1 8
+1 8
cob=(2)
cfi=(51)
cfn=(660)
calls=8 0 
* 728
* 11
-1 11
+1 11
cob=(2)
cfi=(51)
cfn=(660)
calls=11 0 
* 1001
-23 818
+1 1396
cob=(2)
cfi=(51)
cfn=(656)
calls=227 0 
* 6271
* 454
+1 297
+6 76
+82 11
-82 22
+82 30
+1 138
+1 138
-1 414
-1 414
+4 20
-78 10
+78 40
-79 20
+1 10
125 5
+1 5
+1 10
+1 5
+66 18
cob=(2)
cfi=(51)
cfn=(616)
calls=9 0 
* 1269
+1 9
-1 9
+3 9
+2 9
+3 9
-3 9
+2 18
-1 9
+2 9
cob=(2)
cfi=(51)
cfn=(618)
calls=9 0 
* 144
-3 11
+3 11
-3 11
+2 22
-1 11
+2 11
cob=(2)
cfi=(51)
cfn=(618)
calls=11 0 
* 176
* 60
cob=(2)
cfi=(51)
cfn=(616)
calls=20 0 
* 2048
* 20
fi=(179)
79 40
fe=(157)
219 40
-14 436
+1 198
+3 99
+1 3038
+1 1420
-1 1420
fi=(177)
49 4260
cob=(2)
cfi=(51)
cfn=(610)
calls=1420 -49 
* 29820
* 297
cob=(2)
cfi=(51)
cfn=(610)
calls=99 -49 
* 2079
fe=(157)
210 3038
+6 99
-3 99
+3 99
cob=(2)
cfi=(51)
cfn=(616)
calls=99 0 
* 17559
+1 99
-1 99
+1 99
cob=(2)
cfi=(51)
cfn=(618)
calls=99 0 
* 1584
* 297
cob=(2)
cfi=(51)
cfn=(616)
calls=99 0 
* 18231
* 99
fi=(179)
79 198
fe=(157)
219 198
+1 157
-1 157
fi=(177)
49 471
cob=(2)
cfi=(51)
cfn=(610)
calls=157 -49 
* 3297
* 297
cob=(2)
cfi=(51)
cfn=(610)
calls=99 -49 
* 2079
fe=(157)
219 966
fi=(180)
364 297
fe=(157)
222 99
fi=(180)
364 99
cob=(2)
cfi=(51)
cfn=(626)
calls=99 0 
* 11794
* 99
fe=(157)
224 396
+1 79
+2 79
+1 79
+1 79
fi=(177)
49 79
fe=(157)
228 79
fi=(177)
49 79
cob=(2)
cfi=(51)
cfn=(610)
calls=79 -49 
* 1659
fe=(157)
227 20
+1 20
+1 20
fi=(177)
49 20
fe=(157)
228 20
fi=(177)
49 20
cob=(2)
cfi=(51)
cfn=(610)
calls=20 -49 
* 420
fe=(157)
231 297
fi=(181)
112 40
cob=(2)
cfi=(51)
cfn=(632)
calls=20 0 
* 8099
* 20
fi=(179)
-33 1136
fi=(177)
-30 40
cob=(2)
cfi=(51)
cfn=(610)
calls=20 -49 
* 420
fe=(157)
207 40
72 2
556 2
+1 2
-1 18
+1 24
+2 12
+1 12
cob=(2)
cfi=(51)
cfn=(660)
calls=6 0 
* 630
-1 80
+1 80
cob=(2)
cfi=(51)
cfn=(660)
calls=40 0 
* 4394
+1 92
cob=(2)
cfi=(51)
cfn=(660)
calls=46 0 
* 5003
-4 92
+10 10
+1 28
+2 16
+1 8
+1 16
-2 16
+1 8
+1 32
+2 32
+1 32
cob=(2)
cfi=(51)
cfn=(660)
calls=16 0 
* 1792
-1 132
+1 132
cob=(2)
cfi=(51)
cfn=(660)
calls=66 0 
* 7392
+1 164
cob=(2)
cfi=(51)
cfn=(660)
calls=82 0 
* 9184
-4 164
+6 32
cob=(2)
cfi=(51)
cfn=(660)
calls=16 0 
* 1792
+1 32
cob=(2)
cfi=(51)
cfn=(660)
calls=16 0 
* 1792
-11 32
-16 30
+33 1
+1 2
+2 188
+1 188
cob=(2)
cfi=(51)
cfn=(660)
calls=94 0 
* 10528
+1 188
cob=(2)
cfi=(51)
cfn=(660)
calls=94 0 
* 10528
-4 188
+8 1
+1 2
+2 132
+1 132
cob=(2)
cfi=(51)
cfn=(660)
calls=66 0 
* 7392
+1 132
cob=(2)
cfi=(51)
cfn=(660)
calls=66 0 
* 7392
-4 132
+6 12
268 6
fi=(179)
79 2410
fe=(157)
605 612
150 26
296 110
+2 8
+1 16
+80 47800
+5 1395
+4 1176
-15 1752
fi=(179)
79 3003
fe=(157)
341 1228
+2 444
-2 888
+13 13
+1 13
+1 26
-48 40
+38 340
+2 72
+1 72
-2 72
+3 144
+9 98
+1 98
-1 98
+2 196
+1 196
+28 201
cfn=(676)
calls=67 646 
* 780
+3 201
cfn=(668)
calls=67 613 
* 12770
+3 134
+3 67
-2 67
605 201
399 305
-2 305
605 915
-1 744
+2 372
+1 372
-1 1116
-1 1116
+1 5342
+1 5342
-1 16026
-1 16026
+4 2976
399 2232
+1 6918
cob=(2)
cfi=(51)
cfn=(656)
calls=1153 0 
* 28794
* 2306
+1 1410
+1 730
-6 1116
+1 610
+10 420
+3 98
+8 49
+1 49
+3 49
-1 49
+1 49
cob=(2)
cfi=(51)
cfn=(660)
calls=49 0 
* 4642
* 56
-1 56
+1 56
cob=(2)
cfi=(51)
cfn=(660)
calls=56 0 
* 5302
* 105
-23 3941
605 56
407 112
605 162
+1 852
+1 852
-1 2556
-1 2556
+4 108
415 54
609 216
414 108
+1 54
605 4
+1 54
+1 54
-1 162
-1 162
+4 12
408 6
194 22
cob=(2)
cfi=(51)
cfn=(616)
calls=11 0 
* 1359
* 11
+1 11
+1 11
518 160
-5 261
+92 2
+1 27
+1 27
-1 81
-1 81
+1 1
+3 3
-85 3
fi=(181)
112 50
cob=(2)
cfi=(51)
cfn=(632)
calls=25 0 
* 9250
fi=(177)
-63 178
cob=(2)
cfi=(51)
cfn=(610)
calls=89 -49 
* 1869
fe=(157)
450 203
fi=(179)
79 398
fe=(157)
605 36
286 31

fn=(676)
646 86
+2 172
+1 258
+6 164
+5 86
+1 43
+3 43
-15 12
+4 8
+3 39
+1 78

fl=(150) ???
fn=(702) 0x0000000000002a20
0 9
cob=(2)
cfi=(51)
cfn=(708) 0x00000000001090d0
calls=1 0 
0 74
0 1
cfn=(718) 0x00000000000029b0
calls=1 0 
0 5
0 3

fn=(508) (below main)
0 12
cob=(3) /usr/lib/x86_64-linux-gnu/libc.so.6
cfi=(151) ./csu/../csu/libc-start.c
cfn=(510) __libc_start_main@@GLIBC_2.34
calls=1 242 
0 2510375

fn=(520) 0x0000000000002a60
0 12

fn=(718)
0 5

ob=(2)
fl=(51)
fn=(610)
0 30088
cob=(3)
cfi=(176) ./libio/./libio/getc.c
cfn=(612) getc
calls=15044 34 
0 286471

fn=(684) 0x00000000048744d0
0 152
cob=(3)
cfi=(189) ./string/../sysdeps/x86_64/multiarch/strchr-avx2.S
cfn=(686) __strchrnul_avx2
calls=76 51 
0 1444

fn=(526) 0x00000000048746d0
0 2
cob=(1) /usr/lib/x86_64-linux-gnu/ld-linux-x86-64.so.2
cfi=(49) ./elf/./elf/dl-audit.c
cfn=(530) _dl_audit_preinit
calls=1 117 
0 5
cob=(1)
cfi=(141) ./elf/../sysdeps/x86_64/dl-trampoline.h
cfn=(456) _dl_runtime_resolve_xsave
calls=1 67 
0 824
0 5

fn=(616)
0 2368
cob=(3)
cfi=(166) ./malloc/./malloc/malloc.c
cfn=(568) malloc
calls=1184 3287 
0 177816

fn=(670) 0x00000000048743e0
0 766
cob=(3)
cfi=(186) ./string/../sysdeps/x86_64/multiarch/memmove-vec-unaligned-erms.S
cfn=(672) __mempcpy_avx_unaligned_erms
calls=383 294 
0 6030

fn=(724) 0x000000000010abac
0 4

fn=(736) 0x000000000483f040
0 2
cob=(3)
cfi=(196) ./stdlib/./stdlib/cxa_finalize.c
cfn=(710) __cxa_finalize
calls=1 30 
0 72

fn=(160) 0x0000000004002080
0 2
cob=(1)
cfi=(52) ./elf/./elf/dl-error-skeleton.c
cfn=(162) _dl_catch_error
calls=1 225 
0 2782

fn=(450) 0x0000000004874650
0 38
cob=(1)
cfi=(10) ./elf/./elf/dl-tunables.c
cfn=(24) __tunable_get_val
calls=19 405 
0 391
cob=(1)
cfi=(141)
cfn=(456)
calls=1 67 
0 813
0 5

fn=(500) 0x00000000048745f0
0 2
cob=(3)
cfi=(148) ./string/../sysdeps/x86_64/multiarch/strrchr-avx2.S
cfn=(502) __strrchr_avx2
calls=1 46 
0 28

fn=(728) 0x000000000483f334
0 3
cob=(4) /usr/libexec/valgrind/vgpreload_core-amd64-linux.so
cfi=(145) ???
cfn=(730) 0x00000000000010e0
calls=1 0 
0 105
0 2

fn=(542)
0 2
cob=(3)
cfi=(158) ./stdio-common/./stdio-common/isoc99_scanf.c
cfn=(544) __isoc99_scanf
calls=1 25 
0 3396

fn=(656)
0 37360
cob=(3)
cfi=(185) ./string/../sysdeps/x86_64/multiarch/strcmp-avx2.S
cfn=(658) __strcmp_avx2
calls=18680 83 
0 438229

fn=(660)
0 1830
cob=(3)
cfi=(166)
cfn=(662) free
calls=915 3352 
0 94315

fn=(566) 0x0000000004874380
0 4
cob=(3)
cfi=(166)
cfn=(568)
calls=2 3287 
0 1994

fn=(678)
0 38
cob=(3)
cfi=(187) ./debug/./debug/printf_chk.c
cfn=(680) __printf_chk
calls=19 25 
0 30187

fn=(708)
0 2
cob=(3)
cfi=(196)
cfn=(710)
calls=1 30 
0 72

fn=(164) 0x0000000004002050
0 6
cob=(1)
cfi=(52)
cfn=(166) _dl_catch_exception
calls=3 175 
0 9471

fn=(618)
0 1030
cob=(3)
cfi=(178) ./string/../sysdeps/x86_64/multiarch/strlen-avx2.S
cfn=(620) __strlen_avx2
calls=515 50 
0 7210

fn=(626)
0 1324
cob=(3)
cfi=(173) ./stdlib/../stdlib/strtol.c
cfn=(628) strtol
calls=662 105 
0 86056

fn=(478) 0x000000000483f000
0 6
cob=(4)
cfi=(145)
cfn=(482) 0x0000000000001170
calls=1 0 
0 12
0 1
cob=(4)
cfi=(145)
cfn=(490) 0x00000000000012f0
calls=1 0 
0 5
0 2

fn=(516) 0x0000000000109000
0 7

fn=(632)
0 540
cob=(3)
cfi=(182) ./libio/./libio/ioputs.c
cfn=(634) puts
calls=270 33 
0 100559

fn=(636) 0x0000000004874490
0 578
cob=(3)
cfi=(178)
cfn=(620)
calls=289 50 
0 4046

ob=(3)
fl=(164) ./io/../sysdeps/unix/sysv/linux/fstat64.c
fn=(562) fstat
29 4
+1 4
+5 6
cfi=(165) ./io/../sysdeps/unix/sysv/linux/fstatat64.c
cfn=(564) fstatat
calls=2 153 
* 16

fl=(115) ./string/../sysdeps/x86_64/multiarch/strchrnul.c
fn=(370) strchrnul
31 1
fi=(84) ./string/../sysdeps/x86_64/multiarch/ifunc-avx2.h
+2 5
-1 2
+2 3
+2 2
+4 3
+3 4
fe=(115)
-12 1

fl=(148)
fn=(502)
46 1
+1 1
+1 1
+2 1
+1 1
+3 1
+1 1
+1 1
+2 1
+1 1
+1 1
+1 1
+1 1
+1 1
+2 1
+1 1
+12 1
+1 1
219 1
+1 1
+1 1
+1 1
+1 1
+2 1
+1 1
+1 1
+1 2

fl=(153) ./csu/../sysdeps/nptl/libc_start_call_main.h
fn=(532) (below main)
29 4
+15 1
-15 5
+15 1
cfi=(154) ./setjmp/../sysdeps/x86_64/bsd-_setjmp.S
cfn=(534) _setjmp
calls=1 -16 
* 34
* 1
+2 2
+5 2
+1 2
+3 2
+3 6
cob=(5)
cfi=(157)
cfn=(540)
calls=1 -15 
* 2507817
* 1
+16 1
cfi=(191) ./stdlib/./stdlib/exit.c
cfn=(690) exit
calls=1 +68 
* 1499

fl=(173)
fn=(602) __strtol_internal
97 2
+1 6
cfi=(174) ./stdlib/../stdlib/strtol_l.c
cfn=(604) ____strtol_l_internal
calls=2 225 
* 280

fn=(628)
105 662
+1 2648
cfi=(174)
cfn=(604)
calls=662 225 
* 82746

fl=(108) ./string/../sysdeps/x86_64/multiarch/strcat.c
fn=(352) strcat
29 1
fi=(101) ./string/../sysdeps/x86_64/multiarch/ifunc-strcpy.h
+7 2
+1 1
-1 2
+1 2
+2 2
+4 3
+3 3
fe=(108)
-17 1

fl=(83) ./string/../sysdeps/x86_64/multiarch/strnlen.c
fn=(294) strnlen
31 2
fi=(84)
+2 10
-1 4
+2 6
+2 4
+4 6
+3 8
fe=(83)
-12 2

fl=(172) ./io/../sysdeps/unix/sysv/linux/read.c
fn=(598) read
25 5
+1 30
+1 5

fl=(192) ./stdlib/./stdlib/cxa_thread_atexit_impl.c
fn=(694) __call_tls_dtors
149 4
+1 4
+18 4

fl=(184) ./io/../sysdeps/unix/sysv/linux/write.c
fn=(652) write
25 289
+1 2023
+1 289

fl=(188) ./stdio-common/./stdio-common/vfprintf-internal.c
fn=(682) __vfprintf_internal
1180 228
+30 95
+8 57
+4 95
+11 38
+11 19
fi=(200) ./stdio-common/./stdio-common/printf-parse.h
111 38
fe=(188)
1244 95
fi=(200)
111 19
cob=(2)
cfi=(51)
cfn=(684)
calls=19 0 
* 399
fe=(188)
1259 19
fi=(200)
111 19
fe=(188)
1259 57
239 19
fi=(201) ./stdio-common/../libio/libioP.h
940 19
fe=(188)
1263 19
fi=(201)
942 19
-2 19
fe=(188)
1263 19
fi=(201)
940 38
+2 38
+1 38
fe=(188)
239 76
cfi=(162) ./libio/./libio/fileops.c
cfn=(638) _IO_file_xsputn@@GLIBC_2.2.5
calls=19 1197 
* 380
* 38
127 171
1263 38
+4 57
+4 152
1532 19
1214 19
+34 19
-8 19
1532 57
+23 19
-39 19
+39 19
-39 19
+39 38
1313 855
+39 57
-51 57
-1 57
-1 57
-1 57
+5 57
1501 57
fi=(200)
88 57
fe=(188)
1352 57
-46 57
-4 57
+50 57
1501 57
1295 57
-1 57
-1 57
-1 57
-1 57
+16 114
1608 38
+1 38
+3 228
-4 171
1218 38
+41 76
cfi=(160) ./nptl/./nptl/libc-cleanup.c
cfn=(548) __libc_cleanup_push_defer
calls=19 24 
* 190
+1 247
-1 38
1609 38
cfi=(160)
cfn=(606) __libc_cleanup_pop_restore
calls=19 39 
* 152
+2 19
-47 19
-47 418
-1 494
cfi=(190) ./stdio-common/./stdio-common/_itoa.c
cfn=(688) _itoa_word
calls=38 163 
* 1324
* 1178
192 76
+47 38
fi=(201)
942 114
+1 76
fe=(188)
239 152
cfi=(162)
cfn=(638)
calls=38 1197 
* 2936
* 76
127 627
1517 114
-54 38
+53 76
+73 57
fi=(200)
111 57
fe=(188)
1583 57
fi=(200)
111 114
cob=(2)
cfi=(51)
cfn=(684)
calls=57 0 
* 1197
fe=(188)
239 57
fi=(201)
942 57
fe=(188)
1593 57
fi=(200)
111 57
fi=(201)
942 57
fe=(188)
1593 57
fi=(201)
942 57
+1 114
fe=(188)
239 228
cfi=(162)
cfn=(638)
calls=57 1197 
* 7201
* 114
127 741
1593 114
+2 133
-79 760
192 76
1392 76
1516 304
+1 38
cob=(2)
cfi=(51)
cfn=(636)
calls=19 0 
* 304
* 38
-1 380
239 19
fi=(201)
942 57
+1 38
fe=(188)
239 76
cfi=(162)
cfn=(638)
calls=19 1197 
* 3108
* 38
127 114
1516 76

fl=(143) ./nptl/../sysdeps/unix/sysv/linux/x86/elision-conf.c
fn=(462) __lll_elision_init
96 2
+5 1
-5 1
+5 1
-5 3
+5 3
cob=(2)
cfi=(51)
cfn=(450)
calls=1 0 
* 22
+2 4
cob=(2)
cfi=(51)
cfn=(450)
calls=1 0 
* 22
+2 4
cob=(2)
cfi=(51)
cfn=(450)
calls=1 0 
* 22
+2 4
cob=(2)
cfi=(51)
cfn=(450)
calls=1 0 
* 22
+2 4
cob=(2)
cfi=(51)
cfn=(450)
calls=1 0 
* 22
+4 3
+1 1
+1 6

fl=(140) ./nptl/./nptl/pthread_mutex_conf.c
fn=(448) __pthread_tunables_init
50 2
+1 2
-1 4
+1 3
cob=(2)
cfi=(51)
cfn=(450)
calls=1 -51 
* 840
+2 4
cob=(2)
cfi=(51)
cfn=(450)
calls=1 -53 
* 23
+2 6

fl=(109) ./string/../sysdeps/x86_64/multiarch/strncase_l.c
fn=(356) strncasecmp_l
31 1
fi=(202) ./string/../sysdeps/x86_64/multiarch/ifunc-strcasecmp.h
+1 5
fe=(109)
-1 1

fl=(167) ./malloc/./malloc/arena.c
fn=(572) ptmalloc_init.part.0
313 1
fi=(166)
3162 3
fe=(167)
313 5
+5 1
fi=(166)
3162 2
cfi=(168) ./stdlib/../sysdeps/unix/sysv/linux/getrandom.c
cfn=(574) getrandom
calls=1 28 
* 9
* 2
fe=(167)
343 2
+4 3
fi=(166)
1966 4
+3 1
-3 1
+3 2
-3 2
+3 126
-3 126
+3 252
-3 252
fe=(167)
352 3
fi=(166)
1977 1
+1 1
+2 1
fe=(167)
352 1
cob=(2)
cfi=(51)
cfn=(450)
calls=1 0 
* 23
+1 4
cob=(2)
cfi=(51)
cfn=(450)
calls=1 0 
* 22
+1 4
cob=(2)
cfi=(51)
cfn=(450)
calls=1 0 
* 23
+1 4
cob=(2)
cfi=(51)
cfn=(450)
calls=1 0 
* 23
+1 4
cob=(2)
cfi=(51)
cfn=(450)
calls=1 0 
* 22
+1 4
cob=(2)
cfi=(51)
cfn=(450)
calls=1 0 
* 23
+1 4
cob=(2)
cfi=(51)
cfn=(450)
calls=1 0 
* 23
+2 4
cob=(2)
cfi=(51)
cfn=(450)
calls=1 0 
* 23
+1 4
cob=(2)
cfi=(51)
cfn=(450)
calls=1 0 
* 23
+1 4
cob=(2)
cfi=(51)
cfn=(450)
calls=1 0 
* 23
+3 4
cob=(2)
cfi=(51)
cfn=(450)
calls=1 0 
* 23
+1 4
cob=(2)
cfi=(51)
cfn=(450)
calls=1 0 
* 23
+1 2
+63 7

fl=(182)
fn=(634)
33 2160
+2 270
cob=(2)
cfi=(51)
cfn=(636)
calls=270 -35 
* 4320
+1 270
-1 270
+1 3240
+3 270
-3 270
+3 270
-3 270
+3 540
-1 538
+1 1
+1 1
fi=(183) ./libio/./libio/libioP.h
940 3
+2 2
+1 2
fe=(182)
40 269
fi=(183)
940 807
+2 538
+1 538
fe=(182)
40 810
cfi=(162)
cfn=(638)
calls=270 1197 
* 30900
* 540
+1 1080
+1 1080
fi=(183)
883 540
+1 2700
fe=(182)
46 1890
-5 540
cfi=(161) ./libio/./libio/genops.c
cfn=(646) __overflow
calls=270 199 
* 45090
* 540

fl=(174)
fn=(604)
225 1992
+54 664
-54 2656
+19 664
-19 1992
+14 664
-14 664
+26 1328
+31 2656
+9 3984
+2 1328
+5 1328
-1 664
+6 1328
+4 1328
+10 1328
+10 2656
-82 1328
377 664
+56 2656
309 664
449 664
+10 1992
-10 664
+10 664
+12 1328
-5 1504
+5 1504
+1 4512
-41 3008
+2 4688
+2 4512
+28 4512
+3 3008
+11 1328
+5 1992
+1 2
+5 1328
324 1328
491 1992
-2 1328
+17 3320
+18 5312

fl=(199) ./posix/../sysdeps/unix/sysv/linux/_exit.c
fn=(764) _Exit
27 2
+3 1
+1 2

fl=(154)
fn=(534)
28 1
+2 1
+2 1
cfi=(155) ./setjmp/../sysdeps/x86_64/setjmp.S
cfn=(536) __sigsetjmp
calls=1 -2 
* 31

fl=(86) ./string/../sysdeps/x86_64/multiarch/strcmp.c
fn=(300) strcmp
65 2
-24 4
+1 2
-1 4
+1 4
+2 4
+5 6
+3 6
+13 2

fl=(195) ./nptl/./nptl/pthread_mutex_unlock.c
fn=(700) pthread_mutex_unlock@@GLIBC_2.2.5
367 1
51 3
+1 2
367 1
57 2
+8 1
-3 1
-23 1
+1 2
+30 1
369 2
40 3
+1 2
+33 2
+6 4
+4 3
+3 3

fl=(105) ./string/../sysdeps/x86_64/multiarch/strcasecmp.c
fn=(346) strcasecmp
31 1
fi=(202)
+1 5
fe=(105)
-1 1

fl=(81) ./string/../sysdeps/x86/cacheinfo.c
fn=(290) __x86_cacheinfo
86 1
fi=(82) ./string/../sysdeps/x86/cacheinfo.h
-25 1
+3 3
+2 1
+1 1
-1 2
+7 3
+2 1
+1 1
-1 2
+5 2
+2 2
+1 2
+1 2
+2 2
fe=(81)
* 2

fl=(138) ./resource/../sysdeps/unix/sysv/linux/getrlimit64.c
fn=(444) getrlimit
38 2
+1 7
+1 1

fl=(151)
fn=(510)
242 12
343 3
+1 3
cfi=(152) ./stdlib/./stdlib/cxa_atexit.c
cfn=(512) __cxa_atexit
calls=1 69 
* 71
+25 6
+6 2
-3 2
+10 2
cob=(2)
cfi=(51)
cfn=(526)
calls=1 0 
* 836
+2 2
+8 4
cfi=(153)
cfn=(532)
calls=1 29 
* 2509378
128 2
+6 3
+1 6
cob=(2)
cfi=(51)
cfn=(516)
calls=1 0 
* 7
* 1
+3 1
+1 2
+3 2
+1 2
-1 1
+2 7
+1 4
cob=(5)
cfi=(150)
cfn=(520)
calls=1 0 
* 12
-1 4

fl=(186)
fn=(672)
294 383
+1 383
+1 383
+1 383
+17 383
+1 383
+42 383
+1 383
+2 358
+1 358
+2 99
+4 99
+1 95
+1 95
+1 95
+1 95
+1 21
+1 21
+2 21
+2 21
-2 74
+2 74
+6 4
+1 4
+1 4
+1 4
+1 4
+7 25
+1 25
+1 25
+1 25
+2 25
+17 259
+1 259
+1 259
+1 259
+1 259

fl=(87) ./wcsmbs/../sysdeps/x86_64/multiarch/wcsnlen.c
fn=(302) wcsnlen
29 1
fi=(88) ./wcsmbs/../sysdeps/x86_64/multiarch/ifunc-wcslen.h
+5 4
-1 2
+2 3
+2 2
+4 3
+3 3
fe=(87)
-15 1

fl=(99) ./wcsmbs/../sysdeps/x86_64/multiarch/wcscmp.c
fn=(332) wcscmp
30 1
fi=(95) ./wcsmbs/../sysdeps/x86_64/multiarch/ifunc-avx2.h
+3 5
-1 2
+2 3
+2 2
+4 3
+3 4
fe=(99)
-13 1

fl=(158)
fn=(544)
25 13
+4 1
+1 2
-1 2
+1 1
-1 1
+1 1
-1 1
+1 1
-1 1
+1 1
cfi=(159) ./stdio-common/./stdio-common/vfscanf-internal.c
cfn=(546) __vfscanf_internal
calls=1 278 
* 3366
+4 5

fl=(128) ./string/../sysdeps/x86_64/multiarch/rawmemchr.c
fn=(408) rawmemchr
31 1
fi=(124) ./string/../sysdeps/x86_64/multiarch/ifunc-evex.h
+4 5
-1 2
+2 3
+5 2
-3 2
+9 3
+3 4
fe=(128)
-19 1

fl=(149) ./libio/./libio/vtables.c
fn=(504) check_stdfiles_vtables
83 1
+1 4
+1 3
+1 3
+2 1

fl=(196)
fn=(710)
30 4
+3 4
-3 14
+3 8
+3 6
+4 12
-4 6
+58 8
+4 12
-4 6
+11 4
+1 4
cfi=(197) ./posix/./posix/register-atfork.c
cfn=(712) __unregister_atfork
calls=2 -30 
* 32
+1 8
+1 16

fl=(118) ./string/../sysdeps/x86_64/multiarch/strlen.c
fn=(380) strlen
29 2
fi=(84)
+4 10
-1 4
+2 6
+2 4
+4 6
+3 8
fe=(118)
-14 2

fl=(100) ./string/../sysdeps/x86_64/multiarch/stpncpy.c
fn=(336) stpncpy
31 1
fi=(101)
+5 2
+1 1
-1 2
+1 2
+2 2
+4 3
+3 3
fe=(100)
-15 1

fl=(163) ./libio/./libio/filedoalloc.c
fn=(558) _IO_file_doallocate
78 18
+6 8
fi=(183)
940 6
+2 4
+1 4
fe=(163)
84 6
cfi=(162)
cfn=(560) _IO_file_stat
calls=2 1146 
* 36
* 4
+2 8
+11 8
+4 4
cob=(2)
cfi=(51)
cfn=(566)
calls=2 0 
* 1998
* 2
+1 4
+2 8
cfi=(161)
cfn=(592) _IO_setb
calls=2 329 
* 48
+1 2
+1 16
-15 1
fi=(203) ./libio/../include/sys/sysmacros.h
-44 6
fe=(163)
+44 1
-2 2
+5 2

fl=(170) ./misc/./misc/sbrk.c
fn=(588) sbrk
37 4
+6 2
-6 2
+3 2
-3 4
+3 2
+3 2
+20 1
+15 10
-20 4
+1 2
cfi=(171) ./misc/../sysdeps/unix/sysv/linux/brk.c
cfn=(590) brk
calls=1 -24 
* 9
* 2
+4 1
-1 4
+4 4
+8 1
cfi=(171)
cfn=(590)
calls=1 -39 
* 9
* 2

fl=(127) ./string/../sysdeps/x86_64/multiarch/strncase.c
fn=(406) strncasecmp
31 1
fi=(202)
+1 5
fe=(127)
-1 1

fl=(162)
fn=(560)
1146 2
+1 4
cfi=(164)
cfn=(562)
calls=2 29 
* 30

fn=(640) _IO_file_overflow@@GLIBC_2.2.5
731 1490
+1 1192
+7 1488
+37 297
-2 594
+3 556
+3 834
+1 834
+1 1112
+4 278
+1 1112
-45 2
+12 2
+9 3
+5 3
+2 2
-3 2
+3 1
+1 1
-6 1
+1 1
+5 4
+1 1
+2 2
+13 20
-12 20
+1 20
+11 40
-12 20
cfn=(642) _IO_do_write@@GLIBC_2.2.5
calls=20 423 
* 2057
+9 540
-1 270
+1 270
-1 270
cfn=(642)
calls=270 423 
* 29160
* 540
-39 2
cfi=(161)
cfn=(556) _IO_doallocbuf
calls=1 343 
* 325
+1 1
+9 1
-9 5

fn=(758) _IO_file_setbuf@@GLIBC_2.2.5
381 6
+1 2
cfi=(161)
cfn=(760) _IO_default_setbuf
calls=2 +70 
* 138
* 4
+3 2
+4 4
-2 6
+3 4

fn=(596) _IO_file_read
1130 5
+1 5
+2 5
-1 5
+1 10
cfi=(172)
cfn=(598)
calls=5 25 
* 40

fn=(638)
1197 2015
+7 403
-7 1209
+6 1574
+9 768
-2 1536
+17 3
+6 383
+2 383
+2 766
-2 383
+1 383
+1 383
-2 383
cob=(2)
cfi=(51)
cfn=(670)
calls=383 0 
* 6796
* 383
+4 766
+28 3627
-55 383
+4 383
-4 383
+1 766
+18 1
+12 1
fi=(183)
940 3
+2 2
+1 2
fe=(162)
1243 19
fi=(183)
940 57
+2 38
+1 38
fe=(162)
1243 60
cfn=(640)
calls=20 731 
* 2871
* 40
+6 40
+1 140
+2 40
+11 60
+1 4
cfi=(161)
cfn=(644) _IO_default_xsputn
calls=1 371 
* 457
+2 3
-48 9012
-2 7464
+4 19
+11 57
443 38

fn=(554) _IO_file_underflow@@GLIBC_2.2.5
461 5
+4 15
-4 40
+7 10
+6 15
+3 10
+12 8
+9 10
fi=(183)
940 5
+2 5
-2 5
fe=(162)
505 10
cfi=(161)
cfn=(594) _IO_switch_to_get_mode
calls=5 164 
* 125
+6 5
+5 5
-5 5
fi=(183)
942 10
fe=(162)
511 5
fi=(183)
942 5
fe=(162)
511 15
fi=(183)
943 10
fe=(162)
516 20
cfn=(596)
calls=5 1130 
* 70
+2 10
+16 4
-9 4
+9 8
+2 8
+1 32
-6 1
-10 5
+11 1
-11 2
+16 8
-57 3
+5 2
cfi=(161)
cfn=(556)
calls=1 343 
* 1923
+4 4

fn=(642)
423 290
+2 870
+1 1
-3 289
fi=(183)
940 289
fe=(162)
423 578
fi=(183)
940 289
fe=(162)
423 289
fi=(183)
940 578
fe=(162)
423 1445
+20 289
-10 578
+7 1156
fi=(183)
942 578
+1 578
fe=(162)
448 1156
cfn=(650) _IO_file_write@@GLIBC_2.2.5
calls=289 1173 
* 13294
* 289
+1 1445
+2 289
+4 578
-3 578
-1 578
+4 578
-2 289
-28 1156
+1 2312
+28 578

fn=(762) _IO_file_sync@@GLIBC_2.2.5
792 10
+5 8
+2 2
+1 4
+11 4
+4 8

fn=(650)
1173 2023
+2 1734
+5 289
cfi=(184)
cfn=(652)
calls=289 25 
* 2601
+1 578
+5 289
+1 289
-12 578
+4 867
+1 578
+10 867
+3 1734
-4 867

fl=(102) ./wcsmbs/../sysdeps/x86_64/multiarch/wmemchr.c
fn=(340) wmemchr
31 2
fi=(103) ./wcsmbs/../sysdeps/x86_64/multiarch/ifunc-evex.h
+4 10
-1 4
+2 6
+5 4
-3 4
+9 6
+3 8
fe=(102)
-19 2

fl=(91) ./wcsmbs/../sysdeps/x86_64/multiarch/wcslen.c
fn=(310) wcslen
29 1
fi=(88)
+5 4
-1 2
+2 3
+2 2
+4 3
+3 3
fe=(91)
-15 1

fl=(106) ./string/../sysdeps/x86_64/multiarch/strcspn.c
fn=(348) strcspn
29 1
fi=(204) ./string/../sysdeps/x86_64/multiarch/ifunc-sse4_2.h
+1 5
fe=(106)
-1 1

fl=(125) ./string/../sysdeps/x86_64/multiarch/strspn.c
fn=(400) strspn
29 1
fi=(204)
+1 5
fe=(125)
-1 1

fl=(155)
fn=(536)
30 1
+2 1
+9 1
+1 2
+1 1
+4 1
+1 1
+1 1
+1 1
+1 1
+2 2
+2 1
+1 1
+1 1
+2 2
+2 1
+5 1
+1 1
+17 1
cfi=(156) ./setjmp/./setjmp/sigjmp.c
cfn=(538) __sigjmp_save
calls=1 -56 
* 9

fl=(187)
fn=(680)
25 209
+7 19
-4 38
+4 38
-4 19
+5 19
-1 19
+1 19
-5 19
+4 19
+1 19
-1 19
+1 19
cfi=(188)
cfn=(682)
calls=19 1180 
* 29617
+4 95

fl=(119) ./string/../sysdeps/x86_64/multiarch/strncpy.c
fn=(384) strncpy
29 1
fi=(101)
+7 2
+1 1
-1 2
+1 2
+2 2
+4 3
+3 3
fe=(119)
-17 1

fl=(107) ./wcsmbs/../sysdeps/x86_64/multiarch/wcscpy.c
fn=(350) wcscpy
43 1
-6 5
+6 1

fl=(168)
fn=(574)
28 1
+1 7
+1 1

fl=(176)
fn=(612)
34 90264
+3 30088
+1 90252
+5 75216
-5 4
cfi=(161)
cfn=(550) __uflow
calls=4 299 
* 647

fl=(120) ./wcsmbs/../sysdeps/x86_64/multiarch/wmemcmp.c
fn=(388) wmemcmp
29 1
fi=(121) ./wcsmbs/../sysdeps/x86_64/multiarch/ifunc-memcmp.h
+5 2
+1 1
-1 2
+1 2
+1 2
+1 3
+2 2
+4 3
+3 3
fe=(120)
-17 1

fl=(94) ./wcsmbs/../sysdeps/x86_64/multiarch/wcschr.c
fn=(318) wcschr
31 2
fi=(95)
+2 10
-1 4
+2 6
+2 4
+4 6
+3 8
fe=(94)
-12 2

fl=(160)
fn=(548)
24 22
+3 44
+3 88
+1 22
+2 22
+1 22

fn=(606)
39 22
+3 44
+2 44
+1 44
+2 22

fl=(152)
fn=(512)
69 9
-28 2
+2 6
+1 2
cfn=(514) __new_exitfn
calls=1 +38 
* 32
+2 2
+10 1
+2 1
-5 3
+3 1
-1 1
+4 2
+1 1
-1 2
+12 6

fn=(514)
82 1
+6 2
-6 4
+11 4
-10 2
+12 4
-2 1
+10 1
-10 3
+45 1
+5 1
-4 1
+4 4
-18 1
-1 1
+1 1

fl=(89) ./string/../sysdeps/x86_64/multiarch/memset.c
fn=(306) memset
29 1
fi=(90) ./string/../sysdeps/x86_64/multiarch/ifunc-memset.h
+21 5
+3 3
+7 2
+9 2
+2 2
+10 2
+8 2
+2 5
fe=(89)

fl=(97) ./string/../sysdeps/x86_64/multiarch/strrchr.c
fn=(324) rindex
28 1
fi=(84)
+5 5
-1 2
+2 3
+2 2
+4 3
+3 4
fe=(97)
-15 1

fl=(171)
fn=(590)
35 2
+1 8
+1 4
+6 2
+1 2

fl=(137) ./ctype/./ctype/ctype-info.c
fn=(442) __ctype_init
29 1
+2 7
+2 4
+2 4
+1 1

fl=(110) ./string/../sysdeps/x86_64/multiarch/memcmp.c
fn=(358) bcmp
29 1
fi=(111) ./string/../sysdeps/x86_64/multiarch/ifunc-memcmp.h
+5 2
+1 1
-1 2
+1 2
+1 2
+1 3
+2 2
+4 3
+3 3
fe=(110)
-17 1

fl=(194) ./nptl/./nptl/pthread_mutex_lock.c
fn=(698) pthread_mutex_lock@@GLIBC_2.2.5
77 1
+3 3
+2 1
+2 2
-7 2
+11 2
+79 1
+3 1
+2 1
+3 1
+2 1
+1 3
-81 2
+11 4
+4 1
+3 2
-71 1
+1 8
+1 1
+84 3
+1 2

fl=(122) ./string/../sysdeps/x86_64/multiarch/stpcpy.c
fn=(392) stpcpy
33 1
fi=(101)
+3 2
+1 1
-1 2
+1 2
+2 2
+4 3
+3 3
fe=(122)
-13 1

fl=(85) ./string/../sysdeps/x86_64/multiarch/strpbrk.c
fn=(298) strpbrk
29 1
fi=(204)
+1 5
fe=(85)
-1 1

fl=(96) ./string/../sysdeps/x86_64/multiarch/strchr.c
fn=(322) index
61 1
-20 2
+1 1
-1 2
-1 2
+2 2
+2 2
+4 3
+3 3
+10 1

fl=(116) ./string/../sysdeps/x86_64/multiarch/strcpy.c
fn=(374) strcpy
29 1
fi=(101)
+7 2
+1 1
-1 2
+1 2
+2 2
+4 3
+3 3
fe=(116)
-17 1

fl=(185)
fn=(658)
83 18680
+23 18680
+1 18680
+2 18680
+1 18680
+1 18680
+1 18680
+1 18680
+2 12654
+1 12654
+1 12654
+1 12654
+1 12654
+1 12654
+1 12654
+1 12654
+18 12654
+1 12654
+1 12654
+3 25308
656 1753
+2 1753
+1 1753
+1 1753
+1 1753
+9 1753
+1 1753
+3 1753
+1 1753
+3 276
+4 552
+36 5746
+1 5746
+4 5746
+11 5746
+1 5746
+1 5746
+2 11492
+10 6026
+1 6026
+2 3692
+1 3692
+1 3692
+1 3692
+1 3692
+1 3692
+1 3692
+15 2334
+1 2334
+1 2334
+1 2334
+1 2334
+1 2334
+1 2334
+1 2334
+1 2334
+2 280
+2 280
+13 280
+1 280
+23 280
+1 280
+31 280
+1 280
+2 280
+1 280
+1 4
+1 8

fl=(123) ./string/../sysdeps/x86_64/multiarch/memchr.c
fn=(396) memchr
29 1
fi=(124)
+6 5
-1 2
+2 3
+5 2
-3 2
+9 3
+3 4
fe=(123)
-21 1

fl=(178)
fn=(620)
50 804
+13 804
+1 804
+1 804
+3 804
+2 804
+1 804
+3 804
+1 804
+8 804
+1 804
+1 804
+5 1608

fl=(161)
fn=(600) _IO_sputbackc
635 25
+3 15
+1 10
+9 5
+3 20
-10 10
+1 5
+5 5

fn=(644)
371 1
+3 2
-3 8
fi=(183)
940 1
fe=(161)
371 1
fi=(183)
940 1
fe=(161)
371 1
fi=(183)
940 1
fe=(161)
371 2
+28 26
fi=(183)
942 16
+1 16
fe=(161)
399 32
cfi=(162)
cfn=(640)
calls=8 731 
* 272
* 16
+2 8
-22 44
+25 1
-29 1
+29 7

fn=(550)
299 25
+1 15
+5 15
+3 5
173 5
308 10
+2 10
+6 10
+7 5
fi=(183)
940 15
+2 10
+1 10
fe=(161)
323 5
+1 5
-1 5
+1 10
-1 5
cfn=(552) _IO_default_uflow
calls=5 +38 
* 2549
-23 10
+21 15

fn=(646)
199 810
+2 810
+2 270
fi=(183)
940 810
+2 540
+1 540
fe=(161)
203 270
+1 540
-1 270
cfi=(162)
cfn=(640)
calls=270 731 
* 40230

fn=(752) _IO_flush_all_lockp
686 12
+5 6
cfi=(160)
cfn=(548)
calls=1 24 
* 10
+1 9
+3 1
-8 1
+5 2
+3 2
fi=(183)
940 4
fe=(161)
709 6
+2 3
-16 9
+2 3
+1 6
+3 21
+14 9
+1 2
cfi=(160)
cfn=(606)
calls=1 39 
* 8
+4 12

fn=(556)
343 2
+1 4
-1 6
+3 8
+1 2
fi=(183)
940 6
+2 4
+1 4
fe=(161)
347 4
cfi=(163)
cfn=(558)
calls=2 78 
* 2196
* 4
+3 8

fn=(592)
329 18
+1 8
+5 4
-3 2
+3 8
+3 8

fn=(594)
164 25
+1 15
+3 15
+4 10
+1 10
+7 5
-4 5
+4 5
-2 10
+3 5
+1 20

fn=(760)
452 4
fi=(183)
940 2
fe=(161)
452 4
fi=(183)
940 2
fe=(161)
452 2
fi=(183)
940 2
fe=(161)
452 8
+1 2
fi=(183)
942 4
+1 4
fe=(161)
453 4
cfi=(162)
cfn=(762)
calls=2 792 
* 36
* 4
+4 2
330 2
462 2
-7 4
332 4
+5 2
-5 2
+5 2
467 2
332 2
466 8
+2 12
-11 2
+1 4
-1 2
330 8

fn=(750) _IO_cleanup
863 2
+3 1
-3 9
-77 1
+80 1
cfn=(752)
calls=1 686 
* 126
-80 2
+80 1
-80 3
cfi=(160)
cfn=(548)
calls=1 24 
* 10
+1 9
+3 1
-3 2
+3 2
fi=(183)
940 4
fe=(161)
838 3
-48 9
+9 9
+2 6
+6 26
+8 10
+9 2
fi=(183)
942 4
+1 4
fe=(161)
824 8
cfi=(162)
cfn=(758)
calls=2 381 
* 166
+2 6
+4 10
+1 16
+11 9
+1 2
cfi=(160)
cfn=(606)
calls=1 39 
* 8
+35 12
-59 2
-2 2
+3 2
-3 2
+2 6

fn=(552)
361 10
fi=(183)
940 10
fe=(161)
361 5
fi=(183)
940 5
fe=(161)
361 10
+1 5
fi=(183)
942 10
+1 10
fe=(161)
362 10
cfi=(162)
cfn=(554)
calls=5 +99 
* 2428
+1 10
+2 16
+1 20

fl=(190)
fn=(688)
163 76
+3 152
+2 76
+9 944
+9 76

fl=(98) ./string/../sysdeps/x86_64/multiarch/memmove.c
fn=(328) memmove
29 2
fi=(93) ./string/../sysdeps/x86_64/multiarch/ifunc-memmove.h
+24 6
-1 4
+4 6
+14 4
+2 4
+8 4
+8 4
+2 10
fe=(98)

fl=(112) ./wcsmbs/../sysdeps/x86_64/multiarch/wmemset.c
fn=(362) wmemset
31 2
fi=(113) ./wcsmbs/../sysdeps/x86_64/multiarch/ifunc-wmemset.h
+2 10
+1 6
+2 4
+8 6
+3 8
fe=(112)
-16 2

fl=(117) ./string/../sysdeps/x86_64/multiarch/strcasecmp_l.c
fn=(378) strcasecmp_l
31 1
fi=(202)
+1 5
fe=(117)
-1 1

fl=(156)
fn=(538)
28 3
+2 2
-1 1
+5 3

fl=(92) ./string/../sysdeps/x86_64/multiarch/memcpy.c
fn=(314) memcpy@@GLIBC_2.14
29 1
fi=(93)
+24 3
-1 2
+4 3
+14 2
+2 2
+8 2
+8 2
+2 5
fe=(92)

fl=(147) ./misc/./misc/init-misc.c
fn=(498) __init_misc
30 1
+1 2
-1 4
+1 3
+2 3
cob=(2)
cfi=(51)
cfn=(500)
calls=1 -33 
* 30
+4 5
+1 3
+2 4

fl=(166)
fn=(666) _int_free
4421 7320
+10 915
-10 2745
+10 1830
+6 4575
+1 1830
+4 3660
+8 4575
-1 1830
+1 1830
+29 915
-20 915
-6 915
+6 1830
+20 3660
+14 1228
+11 2456
+2 1842
2012 1842
4527 614
+1 614
+4 1842
+2 1842
+4 1228
+2 2456
+1 614
+19 2442
4702 10065
3181 301
+4 301
-4 301
+2 1204
+1 301
+1 301
4482 301

fn=(662)
3352 915
+4 1830
-4 915
+14 915
-14 1830
+12 915
+4 915
-4 915
+4 1830
+17 2745
fi=(167)
162 2745
fe=(166)
3391 1830
cfn=(666)
calls=915 4421 
* 71440
+3 915
+1 3660

fn=(578) tcache_init.part.0
3235 3
+9 8
+1 3
cfn=(580) _int_malloc
calls=1 1343 
* 367
* 1
+1 2
+8 4
+7 2
+2 1
+1 2
-1 1
+1 86
+3 4

fn=(582) sysmalloc
2548 9
+20 4
+11 2
+1 3
+26 1
+1 3
+1 1
+9 4
+6 3
+3 3
2941 2
+1 1
+5 2
+3 2
+5 2
-2 1
+2 1
-1 1
+1 1
-3 1
+3 1
+1 1
-1 3
+1 1
+2 2
+6 11
2687 2
+9 4
+13 3
+8 5
+8 2
+39 2
+2 3
+6 2
+3 2
2896 1
-1 1
+1 3
+1 1
+11 2
fi=(167)
565 1
fe=(166)
2727 1
cfi=(169) ./malloc/./malloc/morecore.c
cfn=(586) __glibc_morecore
calls=1 25 
* 57
+1 2
-1 1
+1 1
2028 1
2729 1
2028 1
2729 1
2028 2
2730 1
+3 2
+33 2
2610 2
2775 2
+40 3
+22 1
+1 1
-1 1
+1 6
+2 2
+1 3
cfi=(169)
cfn=(586)
calls=1 25 
* 28
+12 2
-12 1
+12 1
2028 4
2897 4
2765 2
-52 3

fn=(568)
3287 7116
+7 2372
1343 2370
+19 4744
3306 4744
+3 2370
+10 2655
+28 4425
1362 1139
3304 3417
-63 4
cfn=(578)
calls=1 -6 
* 484
+68 2
+2 3555
3193 602
+1 602
+2 301
+1 301
-1 903
+1 301
+1 301
3347 1505
-26 3540
cfn=(580)
calls=885 1343 
* 124731
+1 4425
fi=(167)
162 1770
315 1
cfn=(572)
calls=1 -2 
* 1128
fe=(166)
1343 2

fn=(580)
1343 1772
3771 886
1362 886
3771 7088
1362 1772
3811 74
+27 74
+66 879
+2 879
-2 879
+2 1758
1362 1698
3811 1698
4397 1698
3838 1698
+63 6
+62 67
+1 6
+1 37
3838 74
1362 37
3843 74
+2 74
+2 10
-6 5
+9 5
+1 5
-1 10
+1 25
+5 10
+1 10
+7 5
-1 10
+1 25
+5 5
+1 5
3183 5
3870 5
+5 70
3181 28
+2 14
+2 14
-2 28
+2 14
-8 14
+8 14
3869 14
+1 85
+2 28
+2 14
+1 14
-1 28
-21 2538
-10 846
+2 4326
4399 1758
3903 879
4399 11427
3983 879
+1 879
-1 1758
-1 1758
+2 1758
-1 2
+1 2
-1 4
-1 4
+2 4
-2 2640
+12 880
-6 880
+73 3520
-67 2641
-6 1
+73 4
-67 3
2005 15
4413 7974
4183 1762
+2 6
+3 2
-3 2
+3 4
+68 1762
+1 881
+1 881
-1 881
+1 881
+1 1762
+1 2643
+5 1762
+4 2643
+3 3520
-3 2640
+3 3516
-3 1758
+3 2634
+97 881
+1 1762
+2 1762
+3 2645
+17 3
3904 3
4380 880
-2 1760
+2 880
-1 880
+6 880
-5 880
-3 880
+3 880
+2 880
-2 3520
2005 880
4382 880
2005 1760
4407 4
cfn=(582)
calls=1 2548 
* 239
* 1
+1 2
2005 3

fl=(191)
fn=(692) __run_exit_handlers
40 11
+5 2
+3 5
+50 1
-42 1
+2 3
+8 6
+2 1
+3 1
-3 1
+3 6
+34 1
+1 1
+1 1
-2 1
+7 1
-3 2
+3 3
+1 3
cob=(1)
cfi=(193) ./elf/./elf/dl-fini.c
cfn=(696) _dl_fini
calls=1 -82 
* 897
+1 4
+10 2
+1 2
-63 1
+69 4
+2 2
+1 6
cfi=(161)
cfn=(750)
calls=1 863 
* 498
* 3
+2 2
cfi=(199)
cfn=(764)
calls=1 27 
* 5
-90 1
cfi=(192)
cfn=(694)
calls=1 149 
* 12
* 1

fn=(690)
142 3
+1 3
-1 1
+1 1
cfn=(692)
calls=1 40 
* 1491

fl=(104) ./string/../sysdeps/x86_64/multiarch/strncmp.c
fn=(344) strncmp
66 1
-25 4
+1 3
+2 2
+5 3
+3 3
+14 1

fl=(146) ./csu/./csu/init-first.c
fn=(496) _init_first
46 4
+5 2
+4 5
+8 1
-2 1
+10 1
-9 1
+1 1
+9 2
-1 1
cfi=(147)
cfn=(498)
calls=1 -41 
* 55

fl=(189)
fn=(686)
51 76
+2 76
+1 76
+1 76
+1 76
+1 76
+3 76
+1 76
+4 76
+1 76
+1 76
+1 76
+1 76
+1 76
+1 76
+1 76
+6 76
+1 152

fl=(197)
fn=(712)
76 4
+1 2
-1 2
+1 6
fi=(198) ./posix/../malloc/dynarray-skeleton.c
243 2
fe=(197)
65 4
+38 8
+1 4

fl=(114) ./string/../sysdeps/x86_64/multiarch/memrchr.c
fn=(366) memrchr
29 1
fi=(84)
+4 5
-1 2
+2 3
+2 2
+4 3
+3 4
fe=(114)
-14 1

fl=(136) ./elf/./elf/libc_early_init.c
fn=(440) __libc_early_init
33 7
+2 1
cfi=(137)
cfn=(442)
calls=1 -6 
* 17
+3 1
fi=(139) ./elf/../sysdeps/nptl/pthread_early_init.h
-5 2
fe=(136)
+8 1
-3 1
fi=(139)
-5 1
cfi=(138)
cfn=(444)
calls=1 +5 
* 10
* 3
+1 6
+11 1
fi=(205) ./elf/../nptl/nptl-stack.h
+13 3
fi=(139)
-13 1
fi=(205)
+13 2
fi=(139)
-4 1
fi=(205)
+4 2
fi=(139)
-6 1
fi=(205)
+6 1
fi=(139)
-12 1
+6 6
+1 1
+4 1
cfi=(140)
cfn=(448)
calls=1 -7 
* 884
fe=(136)
-10 3
+2 2
-2 1
cfi=(143)
cfn=(462)
calls=1 +49 
* 147

fl=(126) ./string/../sysdeps/x86_64/multiarch/mempcpy.c
fn=(402) mempcpy
33 1
fi=(93)
+20 3
-1 2
+4 3
+14 2
+2 2
+8 2
+8 2
+2 5
fe=(126)

fl=(159)
fn=(546)
278 13
+10 5
+1 1
fi=(175) ./stdio-common/../include/scratch_buffer.h
78 1
fe=(159)
289 1
fi=(175)
77 2
fe=(159)
339 1
fi=(175)
77 1
fe=(159)
339 4
+6 4
+3 4
+4 2
+13 1
-6 1
+8 2
-8 1
+8 1
+5 1
-5 1
+5 6
cfi=(160)
cfn=(548)
calls=1 24 
* 10
* 3
+9 1
-4 1
+4 3
570 1
284 1
-1 1
+10 1
-11 1
570 2
2429 4
328 2
+4 1
-5 1
-1 1
-1 1
-12 1
2180 1
2429 1
2180 5
418 8
+24 8
+1 8
+3 10
-65 16
3015 8
+3 21
+1 15
-1 6
222 4
+1 4
-1 2
488 2
222 2
488 4
222 2
488 4
372 11
482 2
+22 8
+25 2
-4 8
+7 20
+80 4
+5 2
-1 4
+1 4
+1 3
+3 6
+1 16
+6 15
+3 4
-3 2
+3 10
-3 1
+3 4
-3 6
+4 14
+1 10
+4 4
-4 4
cfi=(161)
cfn=(600)
calls=2 +2 
* 38
+4 16
-9 2
cfi=(161)
cfn=(550)
calls=1 299 
* 2092
* 2
3025 13
cfi=(160)
cfn=(606)
calls=1 39 
* 8
fi=(175)
85 3
fe=(159)
3029 2
+17 2
+6 12
442 2
+6 4
618 3
1398 20
+5 6
+9 12
1733 4
+9 2
fi=(175)
113 8
fe=(159)
1742 4
fi=(175)
113 6
fe=(159)
1740 42
260 12
1797 6
260 12
+3 18
1799 24
+2 54
-68 12
+2 16
+2 10
+67 4
206 2
1811 4
214 4
1812 4
+28 12
cfi=(161)
cfn=(600)
calls=2 635 
* 38
260 6
+3 6
1844 4
1669 2
206 2
1862 4
1669 4
1861 6
+1 2
cfi=(173)
cfn=(602)
calls=2 97 
* 288
* 2
+6 6
+3 10
+6 2
-4 4
+4 4
+23 4
1390 2
-1 2
+2 2
1742 10
1435 8
+3 8
3020 5
cfi=(161)
cfn=(600)
calls=1 635 
* 19
* 1
1879 4
+17 20
-15 4
+1 6

fl=(169)
fn=(586)
25 2
+1 4
-1 2
+4 2
cfi=(170)
cfn=(588)
calls=2 +8 
* 67
+1 4
+4 4

fl=(165)
fn=(564)
153 4
-55 4
+70 6
+1 2

ob=(1)
fl=(16) ./elf/../sysdeps/x86/cpu-features.c
fn=(40) update_active.constprop.0
43 7
+45 1
-41 1
+28 1
-18 1
+31 1
+4 1
-36 1
-1 1
+37 1
-26 1
-11 1
+1 1
+36 2
+1 1
-17 1
-21 1
+25 1
-4 1
-11 1
+28 1
-1 1
-36 1
+18 1
+19 1
-13 1
-4 1
-11 1
+19 1
+11 1
-3 1
-12 1
+14 1
-29 1
+18 1
+9 1
-18 1
+13 1
-13 1
-9 1
+29 2
+3 1
-14 1
-9 1
+9 1
+4 1
+10 1
-17 1
+7 1
+5 1
+5 1
+1 1
-1 1
+1 2
+2 2
+1 4
+3 1
+1 1
-1 1
+1 1
-1 1
+1 1
-1 1
+1 1
+4 2
+4 2
+2 4
+83 3
+12 2
+1 1
+3 3
+4 1
-4 1
+4 1
+67 3
+4 3
fi=(18) ./elf/../sysdeps/x86/get-isa-level.h
31 1
-3 1
+3 1
-1 2
fe=(16)
296 1
+1 8
-75 3
+1 2
+3 1
-1 1
+9 1
-5 1
+2 1
-2 1
+5 1
fi=(18)
32 3
+4 3
fe=(16)
+83 2
+2 1
+3 2
+10 1
+10 1
-10 1
+10 1
-10 1
+6 1
+4 1
-4 1
-6 1
+6 1
+2 1
-2 1
+2 3
+7 4
fi=(18)
39 3
+1 4
+5 1
-7 1
+7 3
+2 1
+1 2
+1 3
+2 4
+1 2
+1 2
+6 1
-4 1
+4 1
-3 2
fe=(16)
+75 1
-5 2
+4 1

fn=(34) init_cpu_features.constprop.0
399 1
+16 1
-16 6
+3 1
+1 1
+1 1
+11 2
+3 6
593 1
+94 5
+1 1
+3 2
+1 1
+6 1
+3 1
fi=(19) ./elf/../sysdeps/x86/dl-cacheinfo.h
+5 1
+2 1
fe=(16)
-9 1
fi=(19)
+23 2
840 1
+46 1
-46 17
+45 2
+25 2
+21 2
-21 2
+13 3
+8 1
-8 1
+8 1
cfi=(10)
cfn=(24)
calls=1 405 
* 21
* 1
+2 2
+3 4
cfi=(10)
cfn=(24)
calls=1 405 
* 21
* 1
+2 1
+3 2
-3 2
+3 1
-3 1
+3 1
cfi=(10)
cfn=(24)
calls=1 405 
* 21
* 1
+1 5
+16 2
-12 5
cfi=(10)
cfn=(24)
calls=1 405 
* 21
* 1
+1 3
+23 1
-17 5
+3 3
-3 1
cfi=(10)
cfn=(24)
calls=1 405 
* 21
+3 3
-3 2
+3 9
cfi=(10)
cfn=(54) __GI___tunable_set_val
calls=1 157 
* 58
+1 9
cfi=(10)
cfn=(54)
calls=1 157 
* 58
+1 10
cfi=(10)
cfn=(54)
calls=1 157 
* 58
+3 8
cfi=(10)
cfn=(54)
calls=1 157 
* 58
+2 8
cfi=(10)
cfn=(54)
calls=1 157 
* 58
+4 1
fe=(16)
706 1
fi=(19)
967 2
fe=(16)
706 2
fi=(19)
967 4
fe=(16)
706 1
cfi=(10)
cfn=(24)
calls=1 405 
* 19
+4 3
+14 1
-1 2
+1 3
+47 1
-1 1
+1 1
+46 4
cfi=(10)
cfn=(24)
calls=1 405 
* 19
+2 4
cfi=(10)
cfn=(24)
calls=1 405 
* 19
fi=(21) ./elf/../sysdeps/unix/sysv/linux/x86/cpu-features.c
27 6
fe=(16)
829 2
+45 8
fi=(19)
+19 11
fe=(16)
775 3
+27 2
-10 2
+1 2
+2 3
+1 2
+2 3
+1 2
fi=(19)
-75 3
cfn=(46) handle_intel.constprop.0
calls=1 255 
* 437
+1 1
-1 2
+1 1
cfn=(46)
calls=1 255 
* 478
+1 1
-1 1
+1 1
cfn=(46)
calls=1 255 
* 503
+3 1
-3 2
+3 1
cfn=(46)
calls=1 255 
* 459
+2 1
-2 1
+2 1
cfn=(46)
calls=1 255 
* 451
+3 1
-2 1
-1 1
+3 1
cfn=(46)
calls=1 255 
* 428
+2 1
-2 1
+2 1
cfn=(46)
calls=1 255 
* 429
+3 1
-2 1
-1 1
+3 1
cfn=(46)
calls=1 255 
* 469
+2 1
-2 1
+2 1
cfn=(46)
calls=1 255 
* 470
+3 1
-3 1
+3 1
cfn=(46)
calls=1 255 
* 494
+2 1
-2 1
+2 1
cfn=(46)
calls=1 255 
* 495
+2 1
-2 1
+2 1
cfn=(46)
calls=1 255 
* 790
+2 3
-2 1
+2 1
cfn=(52) get_common_cache_info.constprop.0
calls=1 481 
* 215
863 15
fe=(16)
424 6
cfn=(36) get_common_indices.constprop.0
calls=1 -99 
* 71
303 3
+1 2
+1 6
+5 2
+1 6
+5 2
+1 6
429 1
cfn=(40)
calls=1 43 
* 194
+2 1
+2 1
+83 1
-85 2
564 2
+7 2
+2 1
+4 2
+6 2
422 2
-3 1
+14 3
+1 4
+69 1
+10 11
+42 1
+1 1
434 11
+55 3

fn=(36)
325 1
+4 4
+3 3
+5 2
-5 1
+5 1
-5 1
+4 1
+1 1
+1 4
+1 4
+1 3
+1 2
+7 2
+2 5
+5 1
-5 1
+5 1
-5 1
+5 1
-5 2
+5 1
+7 1
-7 4
+7 1
+1 3
+6 1
-6 4
+6 1
fi=(17) ./elf/../sysdeps/unix/sysv/linux/x86/dl-minsigstacksize.h
24 2
+3 2
+1 2
+37 3
+7 1
+2 1
fe=(16)
384 2

fl=(14) ./elf/../sysdeps/unix/sysv/linux/brk.c
fn=(28) brk
35 1
+1 3
+1 2
+6 1
+1 1

fl=(43) ./string/../sysdeps/x86_64/memcmp.S
fn=(124) bcmp
22 1
+5 1
+1 1
+1 1
+1 1
+1 1
+1 1
+1 1
+1 1
+3 1
+1 1
+1 1
+1 1
+1 1
+1 1
+1 1
+1 1
+1 1
+2 1
+1 1
+17 1
+1 1
+17 1
+1 1
+1 1
+1 1
+1 1
+4 1
+47 1
+1 1
+1 1
+1 1
+1 1
+1 1
+1 1
+1 1
+1 1
+1 1
+1 1
+1 1
+1 1

fl=(53) ./setjmp/../sysdeps/x86_64/setjmp.S
fn=(168) __sigsetjmp
30 3
+2 3
+9 3
+1 6
+1 3
+4 3
+1 3
+1 3
+1 3
+1 3
+2 6
+2 3
+1 3
+1 3
+2 6
+2 3
+8 3
+3 3
+1 3
+7 3
+1 3

fl=(78) ./elf/./elf/dl-reloc.c
fn=(272) _dl_relocate_object
194 8
+14 4
-14 36
+16 4
-16 8
+14 4
+2 8
+3 4
-1 4
+1 8
+19 8
+6 20
-34 6
+38 6
+7 12
fi=(6) ./elf/../sysdeps/x86_64/dl-machine.h
71 10
+6 4
+4 3
+14 1
-8 1
+8 2
+20 2
+4 5
-2 2
fe=(78)
288 160
-83 1
fi=(6)
474 4
fe=(78)
205 2
+83 2
fi=(5) ./elf/./elf/do-rel.h
49 1
fe=(78)
288 1
fi=(5)
60 1
-11 2
+11 2
fe=(78)
288 3
-83 3
fi=(6)
474 12
fe=(78)
205 6
+83 6
fi=(5)
49 3
fe=(78)
288 3
fi=(5)
60 3
-11 6
+11 6
fe=(78)
288 8
fi=(5)
49 4
fe=(78)
288 4
fi=(5)
60 4
-11 8
+11 8
-7 1
-1 1
+11 8
fi=(6)
545 28
+4 28
+3 42
+1 14
fi=(5)
63 42
+2 216
+2 120
-4 120
+13 6
+1 8
+1 80
fi=(6)
545 40
+34 80
+2 40
cob=(3)
cfi=(128)
cfn=(408)
calls=1 31 
* 23
cob=(3)
cfi=(127)
cfn=(406)
calls=1 31 
* 7
cob=(3)
cfi=(126)
cfn=(402)
calls=1 33 
* 22
cob=(3)
cfi=(125)
cfn=(400)
calls=1 29 
* 7
cob=(3)
cfi=(123)
cfn=(396)
calls=1 29 
* 23
cob=(3)
cfi=(122)
cfn=(392)
calls=1 33 
* 17
cob=(3)
cfi=(120)
cfn=(388)
calls=1 29 
* 22
cob=(3)
cfi=(119)
cfn=(384)
calls=1 29 
* 17
cob=(3)
cfi=(118)
cfn=(380)
calls=1 29 
* 21
cob=(3)
cfi=(117)
cfn=(378)
calls=1 31 
* 7
cob=(3)
cfi=(116)
cfn=(374)
calls=1 29 
* 17
cob=(3)
cfi=(115)
cfn=(370)
calls=1 31 
* 21
cob=(3)
cfi=(114)
cfn=(366)
calls=1 29 
* 21
cob=(3)
cfi=(112)
cfn=(362)
calls=2 31 
* 38
cob=(3)
cfi=(110)
cfn=(358)
calls=1 29 
* 22
cob=(3)
cfi=(109)
cfn=(356)
calls=1 31 
* 7
cob=(3)
cfi=(108)
cfn=(352)
calls=1 29 
* 17
cob=(3)
cfi=(107)
cfn=(350)
calls=1 43 
* 7
cob=(3)
cfi=(106)
cfn=(348)
calls=1 29 
* 7
cob=(3)
cfi=(105)
cfn=(346)
calls=1 31 
* 7
cob=(3)
cfi=(104)
cfn=(344)
calls=1 66 
* 17
cob=(3)
cfi=(102)
cfn=(340)
calls=2 31 
* 46
cob=(3)
cfi=(100)
cfn=(336)
calls=1 31 
* 17
cob=(3)
cfi=(99)
cfn=(332)
calls=1 30 
* 21
cob=(3)
cfi=(98)
cfn=(328)
calls=2 29 
* 44
cob=(3)
cfi=(97)
cfn=(324)
calls=1 28 
* 21
cob=(3)
cfi=(96)
cfn=(322)
calls=1 61 
* 19
cob=(3)
cfi=(94)
cfn=(318)
calls=2 31 
* 42
cob=(3)
cfi=(92)
cfn=(314)
calls=1 29 
* 22
cob=(3)
cfi=(91)
cfn=(310)
calls=1 29 
* 19
cob=(3)
cfi=(89)
cfn=(306)
calls=1 29 
* 24
cob=(3)
cfi=(87)
cfn=(302)
calls=1 29 
* 19
cob=(3)
cfi=(86)
cfn=(300)
calls=1 65 
* 17
cob=(3)
cfi=(85)
cfn=(298)
calls=1 29 
* 7
cob=(3)
cfi=(83)
cfn=(294)
calls=2 31 
* 42
-36 40
+37 40
fi=(5)
77 121
fe=(78)
288 32
+3 24
+24 4
+3 8
+17 12
+2 32
-98 8
+3 2
+7 4
-9 2
fi=(5)
86 14
+2 14
+12 7
-14 28
+14 14
+10 10
+3 13
+1 3
fi=(6)
529 3
fi=(5)
114 3
fi=(6)
529 6
fi=(5)
114 1198
fi=(6)
529 1198
fi=(5)
114 1198
fi=(6)
529 2396
+5 2402
+1 1201
fi=(5)
113 1201
fi=(6)
535 1201
-5 1201
fi=(5)
113 2402
+7 28
+4 20
+2 10
-73 3
fi=(6)
484 3
fi=(5)
52 3
fi=(6)
484 6
fi=(5)
128 6
+1 3
+1 3
-2 3
+2 3
+3 3
-5 3
+2 3
-2 3
+1 6
+2 3
-2 3
+2 9
+2 6
-5 214
+1 107
+1 107
-2 107
+2 107
+3 107
-5 107
+2 107
-2 107
+1 214
+2 107
-2 107
+2 321
+2 214
+9 108
fi=(6)
262 216
+21 216
+4 216
+7 432
fi=(4) ./elf/../sysdeps/generic/ldsodefs.h
138 276
fi=(6)
294 3535
cfi=(79) ./elf/./elf/dl-lookup.c
cfn=(280) _dl_lookup_symbol_x
calls=89 840 
* 50435
* 801
+2 276
+30 644
450 270
fi=(5)
145 304
-19 330
+32 15
+1 6
fi=(6)
294 2
+22 2
-22 4
fi=(5)
160 6
+3 2
+4 2
-4 2
+4 4
-2 2
-2 2
+2 2
+1 2
-1 4
fi=(6)
294 8
508 2
-1 4
+1 4
+1 2
cfi=(15) ./elf/../sysdeps/x86/dl-get-cpu-features.c
cfn=(436) __x86_cpu_features
calls=1 71 
* 6
cob=(3)
cfi=(81)
cfn=(290)
calls=1 86 
* 28
+1 2
fi=(5)
159 2
fi=(6)
510 2
fi=(5)
159 8
-14 3
+1 42
fi=(6)
490 3
+5 2
-1 3
+1 2
-1 1
cfi=(29) ./string/../sysdeps/x86_64/multiarch/memmove-vec-unaligned-erms.S
cfn=(80) memcpy
calls=1 212 
* 11
+2 4
+1 1
-75 51
+4 68
+5 17
+9 17
-9 34
+9 17
fi=(5)
145 66
fi=(6)
296 153
+3 105
-3 105
+3 210
+2 10
+3 4
+1 6
+11 4
+7 2
cob=(3)
cfi=(86)
cfn=(300)
calls=1 65 
* 17
cob=(3)
cfi=(118)
cfn=(380)
calls=1 29 
* 21
* 6
+3 4
fi=(5)
135 10
+3 2
fi=(6)
296 89
+3 89
-3 194
+3 4
fi=(5)
50 8
fe=(78)
308 14
fi=(6)
-14 29
fe=(78)
+49 20
+3 4
-3 4
+3 4
+4 8
+1 16
cfi=(72) ./misc/../sysdeps/unix/syscall-template.S
cfn=(236) mprotect
calls=4 117 
* 24
* 8
-63 6
fi=(5)
53 2
175 7
+2 2
+1 2
-1 1
+3 1
-3 4
+3 2
-3 10
+1 10
-1 5
+3 5
-3 20
+3 10
+8 6
fi=(6)
+74 12
+21 12
+4 12
+7 24
fi=(4)
138 18
fi=(6)
294 204
cfi=(79)
cfn=(280)
calls=6 840 
* 3251
* 54
+2 18
+30 36
450 12
fi=(5)
191 18
-16 18
+30 4
fi=(6)
+91 2
+3 2
-3 2
+3 4
-3 2
+3 2
-3 4
fe=(78)

fl=(134) ./elf/./elf/dl-lookup-direct.c
fn=(434) _dl_lookup_direct
74 30
+2 3
-2 3
+4 3
-4 3
+2 3
+2 9
+37 3
-37 9
+1 6
+2 12
+3 25
-52 3
+54 6
-54 3
+54 3
-54 9
+1 9
+2 6
+1 6
+12 12
+3 3
+2 3
-2 3
+2 9
cfi=(32) ./string/../sysdeps/x86_64/strcmp.S
cfn=(90) strcmp
calls=3 +55 
* 207
* 6
+4 6
+1 3
-1 3
+1 18
+1 9
cfi=(32)
cfn=(90)
calls=3 +49 
* 75
* 6
+57 27
-23 6

fl=(71) ./io/../sysdeps/unix/sysv/linux/pread64_nocancel.c
fn=(232) __pread64_nocancel
25 8
+1 16
+1 4

fl=(38) ./elf/./elf/dl-hwcaps.c
fn=(108) _dl_important_hwcaps
175 5
+1 1
-1 6
+1 1
-1 1
+1 1
-1 1
+1 1
-1 1
+1 2
cfi=(10)
cfn=(24)
calls=1 405 
* 21
* 1
+2 2
+1 3
+26 2
-26 1
+25 1
cfi=(39) ./elf/../sysdeps/x86_64/dl-hwcaps-subdirs.c
cfn=(110) _dl_hwcaps_subdirs_active
calls=1 29 
* 47
fi=(40) ./elf/./dl-hwcaps.h
54 1
fe=(38)
205 1
-1 1
fi=(40)
56 1
+32 1
+1 1
+1 1
fe=(38)
-35 2
cfi=(41) ./elf/./elf/dl-hwcaps_split.c
cfn=(116) _dl_hwcaps_split_masked
calls=1 -4 
* 13
* 2
fi=(40)
-1 1
+2 2
-2 1
+34 2
+1 2
+1 1
fe=(38)
-32 2
-1 2
+1 2
+1 2
-1 2
-3 4
cfi=(41)
cfn=(116)
calls=2 -4 
* 114
* 2
cfi=(41)
cfn=(116)
calls=1 -4 
* 122
* 6
+48 5
fi=(28) ./elf/../include/rtld-malloc.h
-47 1
cfi=(27) ./elf/./elf/dl-minimal-malloc.c
cfn=(76) __minimal_malloc
calls=1 -21 
* 25
fe=(38)
+47 1
+2 2
+3 2
fi=(40)
-52 1
fe=(38)
+55 1
-3 1
fi=(40)
-54 2
+3 1
fe=(38)
+58 2
cfi=(41)
cfn=(122) _dl_hwcaps_split
calls=1 -90 
* 12
* 2
fi=(40)
-61 1
+2 2
-2 1
+34 2
+1 2
+1 1
fe=(38)
+40 4
+1 2
-1 6
+2 2
+1 2
-2 6
-3 4
cfi=(41)
cfn=(116)
calls=2 -77 
* 114
* 2
cfi=(41)
cfn=(116)
calls=1 -77 
* 122
* 6
+8 2
+9 1
-15 1
+15 2
-15 1
+15 8
+9 2
+4 7
cfi=(43)
cfn=(124)
calls=1 22 
* 41
+1 2
+1 1
+4 1
+1 2
+1 1
-20 2
+19 1
+1 1
-20 2
-1 4
+70 1
+1 1
+4 1
-5 2
+1 4
+4 2
-4 1
+4 4
+1 1
-1 1
+1 2
+1 2
-2 5
+1 1
-1 1
+1 2
+1 2
-2 5
+5 1
+3 2
-3 2
+3 15
+7 1
-7 2
+2 3
+1 4
+2 1
fi=(206) ./elf/../sysdeps/x86/dl-hwcap.h
57 1
fe=(38)
233 2
fi=(206)
57 1
fe=(38)
233 2
fi=(206)
57 1
fe=(38)
233 1
+1 1
cfi=(22) ./string/../sysdeps/x86_64/multiarch/strlen-vec.S
cfn=(60) strlen
calls=1 41 
* 17
+1 1
+1 1
-6 1
+4 1
+1 1
-5 1
+5 1
+1 1
-1 2
-5 4
+10 3
-2 3
+2 1
+1 1
+1 1
-1 1
+4 4
+1 1
-1 1
+4 2
+4 1
-1 1
+1 4
-1 2
+4 3
+1 3
+19 10
+6 2
fi=(28)
56 1
cfi=(27)
cfn=(76)
calls=1 -21 
* 25
* 1
fe=(38)
283 2
+8 1
fi=(40)
54 1
+2 1
+34 1
-2 2
fe=(38)
-5 1
291 1
fi=(40)
54 1
+35 1
fe=(38)
291 1
fi=(40)
90 1
fe=(38)
-10 2
cfi=(41)
cfn=(116)
calls=1 -29 
* 13
* 2
fi=(40)
-26 2
+2 1
fe=(38)
+27 1
fi=(40)
-29 1
+34 2
+1 2
+1 1
fe=(38)
-8 2
+1 4
+7 2
-7 10
cfi=(29)
cfn=(128) mempcpy
calls=2 199 
* 26
+4 2
+2 2
+2 2
-2 4
-9 4
cfi=(41)
cfn=(116)
calls=2 -29 
* 114
* 2
cfi=(41)
cfn=(116)
calls=1 -29 
* 122
* 6
304 1
+2 1
-2 1
-48 2
+72 1
-72 1
376 2
+13 2
-58 1
+45 1
+13 1
-58 1
-75 1
+82 1
+10 2
-92 1
+88 1
+4 3
-4 1
+3 7
-3 2
-3 1
+3 1
cfi=(29)
cfn=(128)
calls=1 199 
* 18
* 2
-3 1
+3 1
cfi=(29)
cfn=(128)
calls=1 199 
* 18
* 2
+3 2
-3 4
+3 5
+1 12
+1 2
-2 1
+2 1
cfi=(29)
cfn=(128)
calls=1 199 
* 15
* 2
-2 2
+5 8
cfi=(29)
cfn=(128)
calls=2 199 
* 30
* 4
+2 5
+5 6
+1 1
-1 3
+1 7
-1 25
+5 11
+4 1
-1 1
+1 2
-4 12
+4 2
-1 2
+1 13
-1 9
+1 18
+1 24
-1 12
-1 12
+2 24
-1 24
-1 24
+4 9
+3 1
+2 2
-1 1
-1 1
+2 1
-2 1
+2 2
-1 1
+1 2
+2 6
+1 2
+3 2
-6 2
+6 3
+7 8
+1 1
-1 2
+3 2
-3 3
+1 3
-1 6
+3 6
+3 4
-80 2
+86 9
-20 1
+1 2
-6 3
259 2
+1 2
+1 4
-1 3
+12 4
-44 2
+34 4
-2 3

fl=(25) ./elf/./elf/dl-environ.c
fn=(68) _dl_next_ld_env_entry
28 3
+1 3
+3 50
+13 40
-13 80
+2 84
+1 18
+5 2
-3 2
+3 2
+2 2
+7 1

fl=(72)
fn=(236)
117 25
+5 5

fn=(470) munmap
117 5
+5 1

fl=(19)
fn=(52)
481 1
+17 1
-17 4
+16 1
-16 1
+15 1
-15 3
+18 1
-1 1
+9 2
+3 3
+11 1
-11 1
-5 1
+21 3
+4 2
681 4
+1 5
+4 2
+9 2
-2 1
+2 2
-1 1
+1 3
535 6
+3 8
+7 2
-7 9
+7 6
+3 26
+14 2
+4 1
+3 1
+1 1
-4 2
+3 3
+6 2
-37 6
+15 2
+4 1
+1 1
-1 2
+18 2
-68 6
+74 4
+8 7
+2 2
+4 3
+2 1
+2 5
-4 1
+16 1
-16 3
+21 2
-21 4
+3 1
+1 4
-4 1
+6 4
+3 2
+5 1
+2 2
+1 1
+1 1
-2 2
+1 1
-19 5
+46 2
+1 1
+1 2
+2 2
-1 3
-23 2
+7 1
+2 2
-16 1
+22 1
-6 2
+1 1
+5 1

fn=(46)
255 24
-5 24
+16 12
-16 72
+13 12
+1 36
-3 24
+11 60
+5 24
+2 12
+1 12
-1 12
+5 48
cfn=(48) intel_check_word.constprop.0
calls=12 123 
* 3876
+2 24
+3 60
cfn=(48)
calls=12 123 
* 1156
+2 24
+3 5
cfn=(48)
calls=1 123 
* 20
+2 2
+3 5
cfn=(48)
calls=1 123 
* 255
+2 2
-35 3
+39 3
+5 96

fn=(48)
123 78
-4 78
+10 104
-10 26
+10 52
+2 52
+71 200
-71 102
+2 63
+2 126
+8 126
+51 102
+22 51
fi=(20) ./elf/../bits/stdlib-bsearch.h
28 51
-1 102
+4 102
+1 51
fe=(19)
+78 102
fi=(20)
-79 76
+1 38
fe=(19)
+78 76
+3 345
fi=(20)
-84 820
+2 512
+1 256
fe=(19)
+78 512
+15 15
246 104
fi=(20)
37 63
-8 151
fe=(19)
155 36
+3 36
-6 54
+3 14
+9 14
+23 19
-32 57
+3 57
+4 50
+2 100
+2 50
+2 36
+4 11
+2 22
+6 14
+3 8
+1 12
-8 4
+2 4
-1 4
-1 4
+2 8
-2 4
+3 12
-2 12
+2 8
-10 24
+1 10
+11 12
-26 4
+9 4
+23 2
-32 6
+3 6
+4 8
+2 16
+2 8
-11 3
+7 6
+2 12

fl=(142) ./elf/./elf/dl-runtime.c
fn=(458) _dl_fixup
46 16
+2 10
+1 2
+6 2
fi=(207) ./elf/../sysdeps/x86_64/dl-runtime.h
-27 2
fe=(142)
+21 2
+5 2
+1 2
-6 2
+6 4
+1 2
+2 2
-2 2
+2 2
-2 10
+7 4
+4 4
+4 6
+4 6
+1 8
-7 8
+16 2
-1 2
+1 4
+10 20
cfi=(79)
cfn=(280)
calls=2 840 
* 1363
* 2
+4 10
+10 20
+15 8
+9 6
+26 6
fi=(6)
+70 2
fe=(142)
-66 12

fl=(39)
fn=(110)
29 1
fi=(18)
+2 1
fe=(39)
+7 1
fi=(18)
-7 2
-1 2
fe=(39)
+22 1
fi=(18)
-20 3
+4 1
fe=(39)
+2 1
fi=(18)
-2 2
+3 4
+1 4
+5 1
fe=(39)
-7 1
fi=(18)
+7 3
fe=(39)
-2 1
fi=(18)
+5 2
+1 3
+2 4
+1 2
+1 2
+6 1
fe=(39)
-11 1
fi=(18)
+11 1
-3 2
fe=(39)

fl=(59) ./io/../sysdeps/unix/sysv/linux/fstatat64.c
fn=(192) fstatat
153 26
-55 26
+70 30
+1 4
-2 18
+1 18

fl=(50) ./string/../sysdeps/x86_64/strcspn.S
fn=(158) strcspn
25 1
+2 1
+7 1
+1 1
+2 1
+1 1
+1 1
+1 1
+1 33
+3 3
+7 1
+1 1
+1 1
+1 1
+2 1
+1 1
+1 1
+1 1
+2 1
+1 1
+1 1
+9 3
+12 1
+2 1
+1 1
+1 1
-4 12
+2 12
+1 12
+1 12
+2 13
+1 13
+1 13
+2 13
+1 13
+1 13
+2 13
+1 13
+1 13
+2 1
+1 1
+1 1
+2 1
+7 1
+4 1

fl=(54) ./elf/./elf/dl-misc.c
fn=(174) _dl_name_match_p
68 84
+1 28
cfi=(32)
cfn=(90)
calls=14 +39 
* 500
* 28
+3 14
+2 28
+6 15
-6 30
+1 54
cfi=(32)
cfn=(90)
calls=18 +33 
* 728
* 36
+8 3
-13 3
+13 20
-1 11
+1 33

fn=(224) _dl_sysdep_read_whole_file
36 2
+3 1
-3 6
+3 1
-3 1
+3 1
cfi=(55) ./io/../sysdeps/unix/sysv/linux/open64_nocancel.c
cfn=(178) __open_nocancel
calls=1 -11 
* 19
+1 2
+23 7
-21 4
cfi=(58) ./io/../sysdeps/unix/sysv/linux/fstat64.c
cfn=(190) fstat
calls=1 -13 
* 15
* 2
+2 2
+3 2
+13 2
cfi=(64) ./io/../sysdeps/unix/sysv/linux/close_nocancel.c
cfn=(204) __GI___close_nocancel
calls=1 -35 
* 6
* 1
-11 6
cfi=(60) ./misc/../sysdeps/unix/sysv/linux/mmap64.c
cfn=(194) mmap
calls=1 -2 
* 9
* 2

fl=(1) ???
fn=(0) 0x0000000000020290
0 2
cfi=(2) ./elf/./elf/rtld.c
cfn=(2) _dl_start
calls=1 527 
0 141393
0 14
cfi=(144) ./elf/./elf/dl-init.c
cfn=(474) _dl_init
calls=1 77 
0 355
0 3
cob=(5)
cfi=(150)
cfn=(508)
calls=1 0 
0 2510387

fl=(46) ./elf/./elf/dl-debug.c
fn=(152) _dl_debug_state
116 2
+1 2

fn=(146) _dl_debug_initialize
56 1
+3 2
+4 1
-6 1
+4 1
+2 2
+22 2
+5 2
+1 1
+1 1
-1 1
-1 1
+5 2
+4 2
+8 2
-43 2
+32 6

fn=(186) _dl_debug_update
38 3
+3 3
-1 6
+4 6
+4 3

fl=(66) ./elf/./elf/dl-deps.c
fn=(210) _dl_map_object_deps
159 5
+1 3
-1 1
+1 1
-1 2
+1 1
-1 3
+1 1
-1 4
+1 12
-8 1
-7 1
+15 1
-14 1
+6 1
+8 1
-15 1
+7 1
-8 1
+1 1
+7 1
-7 1
+31 3
-28 3
-2 1
+31 1
-33 2
+2 2
+30 2
-30 1
-1 4
+7 4
+24 2
-32 1
+60 1
-60 2
+36 1
fi=(74) ./elf/../include/scratch_buffer.h
77 3
fe=(66)
198 1
fi=(74)
78 1
fe=(66)
200 2
+98 1
198 1
+4 1
+7 1
+4 4
-4 3
+4 12
+11 12
-18 2
+18 4
433 12
+2 2
+3 2
-3 4
+3 2
fi=(28)
56 2
cfi=(27)
cfn=(76)
calls=2 -21 
* 50
* 2
fe=(66)
439 4
+6 2
+1 10
cfi=(29)
cfn=(80)
calls=2 212 
* 22
+1 10
cfi=(29)
cfn=(80)
calls=2 212 
* 22
+4 2
-1 2
+5 16
204 9
458 9
-1 4
+1 8
199 3
+27 10
+5 2
+6 2
-5 2
-1 2
+2 4
+4 8
-31 2
+31 2
+1 6
+6 8
cfi=(31) ./elf/./elf/dl-load.c
cfn=(212) _dl_dst_count
calls=2 -6 
* 108
* 6
+4 4
-2 2
+2 4
cob=(2)
cfi=(51)
cfn=(164)
calls=2 0 
* 6718
+1 4
+9 2
+2 4
+5 10
+6 2
+2 2
-8 4
+3 2
+1 2
+1 2
+1 2
+4 10
+4 6
+1 3
-43 200
+1 96
+44 144
-38 4
fi=(74)
85 3
fe=(66)
464 6
+1 1
+3 4
+11 3
fi=(28)
56 1
cfi=(27)
cfn=(76)
calls=1 -21 
* 25
* 1
fe=(66)
481 2
+5 3
+1 1
-1 2
+4 2
-2 1
+2 1
-2 2
+13 3
+5 3
-16 9
-2 3
+6 3
+7 3
-2 6
-5 1
+7 1
-2 2
+2 2
+5 1
-16 6
+19 2
+52 3
+37 3
+15 1
-11 1
+11 1
-14 2
+20 1
-1 3
+1 3
-1 5
cfi=(12) ./elf/./elf/dl-sort-maps.c
cfn=(246) _dl_sort_maps
calls=1 290 
* 260
+5 1
+3 1
-1 1
+2 2
+7 3
+3 3
+3 8
214 25
+3 2
fi=(74)
-86 6
cfi=(73) ./malloc/./malloc/scratch_buffer_set_array_size.c
cfn=(240) __libc_scratch_buffer_set_array_size
calls=2 30 
* 40
fe=(66)
+86 4
+4 6
613 2
cfi=(29)
cfn=(80)
calls=1 212 
* 11
* 1
-53 2
160 2
380 6

fn=(214) openaux
61 6
+7 2
-4 4
+1 2
-1 16
cfi=(31)
cfn=(172) _dl_map_object
calls=2 2022 
* 6560
* 2
+5 4

fl=(8) ./elf/./elf/dl-setup_hash.c
fn=(14) _dl_setup_hash
25 4
+3 4
-3 4
+3 8
+3 12
+1 8
+2 4
-1 4
+3 12
+1 4
+4 4
-3 4
+7 4
-4 4
-3 4
+2 8
+5 4
-5 4
-2 4
+7 4
-5 4
+10 4

fl=(135) ./elf/./elf/dl-call-libc-early-init.c
fn=(438) _dl_call_libc_early_init
27 1
+2 2
-2 1
+6 3
-6 1
+6 3
-6 1
+6 1
cfi=(134)
cfn=(434)
calls=1 +41 
* 177
+4 2
+2 4
+2 1
-1 1
+1 2
-1 1
cob=(3)
cfi=(136)
cfn=(440)
calls=1 -7 
* 1108

fl=(12)
fn=(22) _dl_sort_maps_init
281 2
+1 4
cfi=(10)
cfn=(24)
calls=1 405 
* 20
+2 3
-1 1
+2 2

fn=(246)
290 20
+8 2
-8 2
+8 4
+4 16
-79 4
-37 2
+37 2
-36 8
+1 2
-1 2
+1 2
-1 4
+1 6
-1 6
+1 6
-1 12
+36 30
+8 6
-3 2
+2 2
+1 2
-8 2
+5 2
+3 8
+2 18
+2 8
-90 40
cfn=(248) dfs_traversal.part.0
calls=8 -5 
* 284
+93 16
+18 4
+13 2
+33 2
-26 8
cfi=(29)
cfn=(80)
calls=2 -64 
* 22
* 2

fn=(248)
140 64
+10 8
-2 8
+2 16
+2 20
+3 20
-3 40
+9 16
+15 24
+1 8
+1 48
-17 12

fl=(22)
fn=(60)
41 16
+44 16
+1 16
+1 16
+1 16
+1 16
+1 16
+1 16
+2 16
+2 16
+31 15
+1 15
+1 15
+1 15
+1 15
+1 10
+2 10
+4 5
+1 5
+1 5
+1 5
+1 5
+1 5
+1 5
+1 5
+1 5
+1 5
+1 5
+1 5
+5 40
+4 1
+1 14
+1 8

fl=(23) ./elf/../misc/sbrk.c
fn=(62) sbrk
37 5
+3 1
+18 2
+4 2
+16 5

fl=(141)
fn=(456)
67 2
+5 2
+3 2
+2 2
+10 2
+6 2
+1 2
+1 2
+1 2
+1 2
+1 2
+1 2
+4 2
+1 2
+3 2
+1 2
+2 2
+1 2
+1 2
+1 2
+1 2
+1 2
+2 2
+7 2
+1 2
+1 2
cfi=(142)
cfn=(458)
calls=2 -80 
* 1555
+1 2
+5 2
+1 2
+1 2
+2 2
+1 2
+1 2
+1 2
+1 2
+1 2
+1 2
+2 2
+2 2
+4 2
+2 2

fl=(27)
fn=(72) __minimal_calloc
78 8
+4 8
-4 32
+7 8
+1 24
fi=(28)
-30 8
cfi=(27)
cfn=(76)
calls=8 -21 
* 235
fe=(27)

fn=(144) __minimal_free
95 3
+2 12

fn=(76)
35 120
+1 24
+11 24
-11 48
+11 48
+3 24
-3 24
+3 136
+18 24
+1 24
+2 96
-16 8
+1 4
+2 2
+1 14
cfi=(60)
cfn=(194)
calls=2 -12 
* 18
* 2
+2 4
+2 4
+2 2
+4 2
-4 4
-23 1
-1 1
+1 1
+1 2
-2 2

fl=(44) ./string/../sysdeps/x86_64/multiarch/memset-vec-unaligned-erms.S
fn=(132) memset
125 7
+1 35
+6 7
+1 7
+1 7
+1 7
+2 1
+1 1
+1 1
+65 4
+1 4
+2 4
+76 6
+1 6
+5 6
+3 6
+1 6
+3 2
+1 2
+13 2
+1 2
+2 2
+3 1
+3 2
+3 1
+1 1
+1 1
+1 1
+1 1
+1 1
+1 1
-6 27
+1 27
+1 27
+1 27
+1 27
+1 27
+1 27
+3 2
+1 2
+1 2
+1 2
+5 2

fl=(75) ./elf/./elf/dl-version.c
fn=(254) _dl_check_all_versions
361 6
+4 5
-2 2
+4 24
cfn=(256) _dl_check_map_versions
calls=4 155 
* 3766
-2 4
+2 12
-1 4
-1 8
+5 7

fn=(256)
155 32
+15 4
-15 8
+15 8
+2 20
+2 4
+1 4
-1 4
+1 4
+2 8
+3 4
-16 2
-8 2
+28 2
-4 2
+4 4
+16 2
36 4
200 2
36 10
+1 5
-1 10
+2 21
cfi=(54)
cfn=(174)
calls=7 +30 
* 805
* 14
208 6
+5 2
-71 4
+71 6
+8 2
-2 2
-2 4
+4 2
-4 12
+4 6
-2 6
-2 12
+4 6
-4 61
56 32
+8 24
+6 24
+16 8
+1 16
+2 8
+5 72
+14 150
+12 201
+4 67
-30 134
224 32
+3 24
+5 6
-11 6
110 8
+3 32
cfi=(32)
cfn=(90)
calls=8 -5 
* 241
* 34
236 8
+14 4
+3 8
+10 42
-7 168
+3 126
-3 8
+3 6
+8 6
+6 3
fi=(28)
44 3
fe=(75)
273 3
fi=(28)
44 3
cfi=(27)
cfn=(72)
calls=3 +34 
* 108
fe=(75)
272 3
fi=(28)
44 3
fe=(75)
274 6
+13 3
-3 3
+3 12
+2 9
+3 8
+4 6
+7 8
+1 8
-1 24
+1 8
+1 8
-2 8
+2 16
+1 24
+3 24
+5 6
-15 6
+2 6
-2 6
+2 6
-2 6
+2 12
-2 2
+2 2
-2 2
+2 2
-2 2
+2 4
+16 6
+39 36
-29 9
+3 8
+4 42
+6 42
+1 42
+1 42
-1 126
+1 42
-1 42
+1 42
+1 42
+3 126
+4 42
-14 88
+10 6
164 2
+86 2
-94 2
+94 3

fl=(15)
fn=(436)
71 1
-32 3
+32 2

fn=(32) _dl_x86_init_cpu_features
37 1
+2 3
+2 1
cfi=(16)
cfn=(34)
calls=1 399 
* 7219

fl=(45) ./string/./string/strdup.c
fn=(140) strdup
40 15
+1 3
cfi=(22)
cfn=(60)
calls=3 * 
* 87
* 3
fi=(208) ./string/../include/rtld-malloc.h
+15 6
cfi=(27)
cfn=(76)
calls=3 -21 
* 75
fe=(45)
-12 6
+4 3
-1 9
+1 6
-1 3
cfi=(29)
cfn=(80)
calls=3 212 
* 41

fl=(65) ./io/../sysdeps/unix/sysv/linux/access.c
fn=(208) access
25 1
+2 7
+4 1

fl=(26) ./elf/./elf/dl-object.c
fn=(70) _dl_new_object
59 42
+3 6
+18 2
+3 2
-3 2
+3 2
cfi=(22)
cfn=(60)
calls=2 -42 
* 52
+4 4
-4 4
+9 4
fi=(28)
-48 6
cfi=(27)
cfn=(72)
calls=2 +34 
* 100
fe=(26)
+48 1
fi=(28)
-48 3
cfi=(27)
cfn=(72)
calls=1 +34 
* 43
* 3
fe=(26)
+51 6
+5 3
-2 3
+6 3
-4 3
+4 3
-5 3
+4 3
+1 3
-1 3
+1 6
cfi=(29)
cfn=(80)
calls=3 212 
* 44
* 6
+2 3
+13 6
+6 1
+2 7
+3 2
-3 14
+3 4
+9 3
-7 3
+4 3
+3 15
+2 1
-2 3
+2 15
-2 45
+16 6
-5 3
+5 3
-6 3
+6 3
-6 3
+6 6
+2 4
+3 4
-3 4
+7 8
+4 4
+8 2
+3 2
+10 3
-10 4
+10 6
+2 2
+21 2
-21 2
cfi=(22)
cfn=(60)
calls=2 41 
* 70
* 6
+17 2
-13 6
+50 6
cfi=(29)
cfn=(128)
calls=2 -46 
* 34
* 2
+5 4
+1 4
-1 80
+1 80
+2 4
+3 2
+3 2
+4 27
131 8
-12 4
+34 1
+7 4
+8 8
fi=(28)
56 4
cfi=(27)
cfn=(76)
calls=2 -21 
* 50
* 2
fe=(26)
200 8
64 2
+2 3
+1 2
+10 5
-6 2

fn=(82) _dl_add_to_namespace_list
31 6
+2 3
-2 6
+2 3
-2 6
+2 3
cfi=(24) ./elf/../sysdeps/nptl/dl-tls_init_tp.c
cfn=(84) rtld_mutex_dummy
calls=3 +9 
* 9
+2 23
+3 20
+2 2
+2 2
+4 2
+4 2
-4 4
+1 2
+4 2
-4 2
+1 2
+3 2
-3 2
+3 2
-1 2
cfi=(24)
cfn=(84)
calls=2 -8 
* 6
-4 1
+4 1
-4 2
+1 1
+4 1
-4 1
+1 1
+3 1
-3 1
+3 1
-1 1
cfi=(24)
cfn=(84)
calls=1 -8 
* 3
-5 2

fl=(29)
fn=(128)
199 32
+1 32
+1 32
+1 32
+17 32
+1 32
+2 6
+1 6
+1 6
+2 5
+1 5
+1 5
+2 5
360 26
+1 26
+2 8
+4 8
+1 3
+1 3
+1 2
+1 2
+1 2
+1 2
+2 2
+2 3
+6 5
+1 5
+1 5
+1 5
+1 5
+29 18
+1 18
+1 18
+1 18
+1 18
+7 1
+1 1
+1 1
+1 1
+1 1
+1 1
+1 1
+11 1
+1 1
+2 1
+1 1
+1 1

fn=(80)
212 17
+1 17
+6 17
+1 17
+2 10
+1 10
+1 10
+2 7
+1 7
+1 7
+2 7
360 7
+1 7
+2 1
+4 1
+1 1
+1 1
+1 1
+1 1
+4 1
+2 1
+39 6
+1 6
+1 6
+1 6
+1 6
+7 3
+1 3
+1 3
+1 3
+1 3
+1 3
+1 3
+11 3
+1 3
+2 3
+1 3
+1 3

fl=(10)
fn=(54)
157 15
-55 5
+55 5
-55 5
+55 5
-55 35
+9 5
+1 5
fi=(209) ./elf/./dl-tunable-types.h
-22 10
fe=(10)
+22 20
+1 40
fi=(11) ./elf/./elf/dl-tunables.h
+8 10
+1 5
fe=(10)
-6 15
fi=(11)
+15 5
fe=(10)
-12 10
+4 10
+7 10
+1 10
+3 30
+1 5
+1 5
+1 5
+24 5
fi=(11)
-30 15
fe=(10)

fn=(18) __GI___tunables_init
282 9
-9 7
71 131
+6 42
-3 42
+3 3787
-3 42
-3 84
357 8
81 84
+5 126
fi=(11)
+54 42
fe=(10)
-54 42
fi=(11)
+54 42
+1 106
-1 77
+1 22
-1 42
+1 84
fe=(10)
323 168
-18 5880
+6 9240
fi=(11)
140 378
+1 756
-1 19
+1 76
-1 95
fe=(10)

fn=(24)
405 33
+3 231
+9 33
-9 126
+9 10
+17 165
+2 33
-9 23
+1 23

fl=(60)
fn=(194)
47 24
+3 24
+8 48
+2 12

fl=(2)
fn=(156) handle_preload_list
894 10
+5 1
-5 2
+5 2
+6 1
-64 1
+54 3
+7 3
cfi=(50)
cfn=(158)
calls=1 25 
* 233
* 1
+1 3
+9 1
191 1
914 2
191 2
916 2
-80 1
+5 5
-10 1
+8 1
-4 1
+1 1
+1 1
+4 1
cob=(2)
cfi=(51)
cfn=(160)
calls=1 0 
* 2784
+1 3
+8 3
+67 1
-18 2
+21 9
-15 4
cfi=(29)
cfn=(80)
calls=1 212 
* 19
+1 2

fn=(170) map_doit
663 2
+2 1
-2 1
+2 1
+1 2
-1 2
+1 3
cfi=(31)
cfn=(172)
calls=1 2022 
* 2683
* 1
+2 2

fn=(258) init_tls
756 3
+2 1
+4 1
-4 1
+4 2
+11 1
fi=(28)
44 1
fe=(2)
768 1
+4 1
fi=(28)
44 1
cfi=(27)
cfn=(72)
calls=1 +34 
* 36
fe=(2)
783 1
-12 1
+6 1
-9 1
+11 1
+4 1
+2 3
-1 2
+3 8
+4 1
+2 1
-2 2
-5 1
-1 2
+10 3
+3 2
cfi=(47) ./elf/../elf/dl-tls.c
cfn=(260) _dl_tls_static_surplus_init
calls=1 97 
* 79
+3 1
cfi=(47)
cfn=(262) _dl_determine_tlsoffset
calls=1 221 
* 76
+7 1
cfi=(47)
cfn=(264) _dl_allocate_tls_storage
calls=1 422 
* 442
* 1
+1 2
+6 1
+3 2
-3 1
+3 6
+3 1
cfi=(24)
cfn=(266) __tls_init_tp
calls=1 68 
* 75
+1 1
+3 5
-39 3
-1 7

fn=(64) dl_main
1320 2
205 1
311 1
1320 2
2818 1
1320 3
2829 1
1320 2
2698 1
1320 2
311 1
1320 3
207 1
310 1
205 1
+99 3
1332 1
cfi=(24)
cfn=(66) __tls_pre_init_tp
calls=1 53 
* 17
2677 3
+6 5
-4 1
+4 1
+2 3
cfi=(25)
cfn=(68)
calls=1 28 
* 41
* 4
cfi=(25)
cfn=(68)
calls=2 28 
* 246
* 9
+4 6
-2 2
+2 6
+1 2
-1 6
+1 17
-1 89
+9 12
2845 4
+32 2
1348 1
+1 2
-1 2
+1 2
2774 3
+1 3
-56 2
+7 2
1627 9
cfi=(26)
cfn=(70)
calls=1 59 
* 230
* 1
+2 2
+1 1
+6 2
-6 1
+1 2
+1 3
+4 1
cfi=(26)
cfn=(82)
calls=1 31 
* 36
+1 2
1140 1
1326 1
1169 1
-29 1
+11 1
+18 2
-21 1
+21 1
-19 1
-4 1
+23 1
-21 1
+21 2
+57 1
-83 1
+23 1
+4 1
+19 1
+22 1
+15 5
-56 116
1275 4
+2 1
1169 18
fi=(30) ./elf/../sysdeps/x86/dl-prop.h
105 2
fe=(2)
1282 22
+6 4
cfi=(31)
cfn=(88) _dl_process_pt_gnu_property
calls=1 868 
* 20
-7 26
+1 13
+6 13
-6 26
fi=(30)
212 4
+1 2
95 8
+10 2
212 1
105 1
-2 1
-3 1
+2 1
+3 1
-4 2
+92 4
-1 1
-87 3
+3 3
+1 2
+1 2
+4 3
+4 3
+3 3
+1 2
+4 1
+1 4
+58 3
+2 4
-56 4
+1 2
+3 4
+3 2
+1 8
+5 4
+2 4
+5 4
+14 2
-1 4
+2 2
fe=(2)
1174 1
-5 1
+5 2
-5 2
+30 1
-9 1
+27 1
-27 1
+2 1
-3 1
+10 2
-20 2
-10 1
+10 1
+1 9
-11 2
+57 4
-1 4
+1 8
-1 4
+2 8
+1 1
+2 12
+1 14
+4 8
+1 8
+1 4
+1 10
+1 1
+4 1
-74 1
+74 2
-74 2
+74 3
-74 3
+74 6
-74 6
fi=(30)
165 2
fe=(2)
1271 1
1169 1
1271 1
1169 2
1294 1
+3 2
+2 1
-5 2
+3 2
+2 2
+2 2
1662 3
+2 1
-1 1
+1 2
+1 2
-2 1
+2 1
-2 2
cfi=(32)
cfn=(90)
calls=1 108 
* 34
* 2
+7 1
+3 1
-5 1
+3 1
+2 1
+1 2
+4 2
+2 2
fi=(3) ./elf/./get-dynamic-info.h
39 3
+6 1
-2 1
+2 2
+9 1
+5 1
+3 1
+2 1
-3 1
-3 1
-3 17
+13 5
-23 20
+23 21
-23 84
+4 52
+5 24
+2 5
+16 3
+25 3
+5 2
+7 2
+1 3
+22 3
+5 2
+2 2
+2 2
+2 2
+1 1
+3 3
+2 3
+1 2
+9 2
+6 2
+1 2
+3 2
fe=(2)
1688 3
+7 2
cfi=(8)
cfn=(14)
calls=1 25 
* 29
+3 2
fi=(33) ./elf/./setup-vdso.h
24 2
fi=(35) ./elf/../sysdeps/unix/sysv/linux/dl-vdso-setup.h
+21 1
fe=(2)
1723 1
cfi=(13) ./elf/../sysdeps/unix/sysv/linux/dl-sysdep.c
cfn=(100) _dl_discover_osversion
calls=1 46 
* 109
* 8
fi=(37) ./elf/./dl-main.h
109 5
cfi=(31)
cfn=(106) _dl_init_paths
calls=1 706 
* 2926
fe=(2)
1731 3
cfi=(46)
cfn=(146)
calls=1 56 
* 30
+7 1
-7 1
+2 1
+5 1
+4 1
+3 1
-3 3
+1 2
+3 1
+5 1
-7 1
+7 1
+1 3
+12 2
+1 2
+5 1
-3 2
+2 1
+1 2
+5 3
+1 5
-1 2
233 1
-1 1
+1 3
+1 2
-2 1
+2 2
1793 2
+5 1
-1 1
+1 1
+24 1
cfi=(47)
cfn=(148) _dl_count_modids
calls=1 197 
* 6
* 1
fi=(48) ./elf/../sysdeps/generic/dl-debug.h
29 3
+1 2
fe=(2)
1828 2
+1 1
cfi=(46)
cfn=(152)
calls=1 116 
* 2
+1 1
+4 3
cfi=(49)
cfn=(154) _dl_audit_activity_map
calls=1 28 
* 16
+5 3
+2 1
+2 2
+9 2
+16 4
cfi=(65)
cfn=(208)
calls=1 25 
* 9
* 2
+76 4
+16 3
85 1
1970 1
85 2
1970 2
85 1
1970 5
cfi=(66)
cfn=(210)
calls=1 159 
* 8223
92 1
1976 1
92 2
+9 2
1976 2
+1 5
-1 4
+1 6
-1 12
+4 4
+1 3
+1 1
+2 2
+1 4
-1 9
+1 9
+12 3
+1 2
+2 1
+2 3
+2 1
-4 1
+5 1
-1 2
+14 2
+1 2
+1 3
+11 2
+2 1
-2 1
+2 2
-2 1
+1 2
+1 1
-1 2
+1 1
cfi=(52)
cfn=(250) _dl_receive_error
calls=1 238 
* 3866
+10 2
+1 2
+3 2
862 1
fi=(210) ./elf/../sysdeps/unix/sysv/linux/dl-osinfo.h
64 2
fe=(2)
864 1
+6 1
+3 1
+7 1
-5 1
2052 3
2282 3
1778 2
+6 1
-6 2
+6 1
+2 3
fi=(30)
198 4
+2 1
+1 1
+2 1
-3 3
+3 1
fi=(3)
59 4
+3 4
+2 4
fi=(34) ./elf/../sysdeps/unix/sysv/linux/dl-vdso.h
-24 1
+1 2
fe=(2)
2331 1
1325 1
2342 1
-4 2
+10 1
-6 1
+6 1
+3 2
+8 1
fi=(30)
36 1
fe=(2)
2359 1
fi=(30)
37 3
+3 1
+13 6
-13 3
+9 6
-9 1
+9 20
+4 15
-16 12
+34 3
cfi=(77) ./elf/../sysdeps/x86/dl-cet.c
cfn=(270) _dl_cet_check
calls=1 252 
* 30
fe=(2)
2361 2
+54 3
+3 1
85 4
2422 1
+1 19
+2 8
+5 8
+2 8
+6 4
+2 12
+1 24
cfi=(78)
cfn=(272)
calls=3 194 
* 78917
+4 10
+1 2
-23 1
+23 1
cfi=(47)
cfn=(412) _dl_add_to_slotinfo
calls=1 1015 
* 28
-23 6
92 3
+1 1
2454 1
93 1
2454 1
+5 4
+2 1
+7 3
cfi=(47)
cfn=(414) _dl_allocate_tls_init
calls=1 528 
* 146
+3 2
fi=(3)
72 2
+10 3
+1 4
+1 4
+1 4
+2 4
+5 4
+1 4
+1 5
fi=(35)
-64 3
+3 1
+3 1
+3 1
fi=(34)
+16 2
fe=(2)
2434 1
+1 1
-3 2
+49 3
+2 4
+10 1
cfi=(129) ./elf/./elf/dl-find_object.c
cfn=(416) _dl_find_object_init
calls=1 561 
* 571
+5 2
cfi=(7) ./elf/./elf/dl-minimal.c
cfn=(424) __rtld_malloc_init_real
calls=1 76 
* 2372
+3 1
cfi=(133) ./elf/../sysdeps/nptl/dl-mutex.c
cfn=(432) __rtld_mutex_init
calls=1 30 
* 415
85 1
2507 1
+1 3
85 3
2508 2
cfi=(78)
cfn=(272)
calls=1 194 
* 4806
92 3
+9 2
2516 3
cfi=(135)
cfn=(438)
calls=1 27 
* 1309
+7 1
cfi=(9) ./elf/../elf/dl-sysdep.c
cfn=(464) _dl_sysdep_start_cleanup
calls=1 262 
* 2
+4 3
cfi=(49)
cfn=(466) _dl_audit_activity_nsid
calls=1 40 
* 21
+5 2
cfi=(46)
cfn=(186)
calls=1 38 
* 7
+1 1
-1 1
+2 1
cfi=(46)
cfn=(152)
calls=1 116 
* 2
+1 1
+4 1
cfi=(68) ./elf/./elf/dl-cache.c
cfn=(468) _dl_unload_cache
calls=1 537 
* 18
+5 8
1741 4
1995 2
+50 2
cfn=(258)
calls=1 756 
* 784
* 2
2726 4
+2 2
+1 1
+46 2
+2 1
+1 1
-1 1
+1 1
+1 1
85 1
1847 1
85 2
1847 1
85 1
1847 2
cfn=(156)
calls=1 894 
* 3107
* 1
92 3
+9 3
1948 16
+1 1
-1 1
+4 3
+1 1
+1 2
+1 2
-7 2
fi=(30)
170 3
-39 2
fe=(2)

fn=(252) version_check_doit
696 3
+2 4
cfi=(75)
cfn=(254)
calls=1 361 
* 3838
* 2
+4 2

fn=(2)
527 10
85 1
fi=(6)
-40 1
fe=(2)
557 1
-4 1
85 2
556 1
85 1
fi=(3)
-40 1
fe=(2)
556 1
fi=(3)
45 2
+9 1
+5 1
+3 1
+2 1
+4 1
-7 1
-3 1
-3 14
+13 4
-23 16
+23 14
-23 56
+4 36
+5 20
+2 5
+3 4
fi=(4)
+21 1
fi=(3)
-8 3
+10 4
+1 4
+1 4
+1 4
+2 4
+5 4
+1 4
+1 4
+3 3
+5 2
+7 3
+1 3
+8 2
+1 2
+5 3
+3 3
fe=(2)
573 1
fi=(6)
71 1
fe=(2)
573 42
fi=(6)
414 1
fi=(5)
86 1
fe=(2)
573 2
fi=(5)
49 1
+37 1
-37 1
+37 1
+2 1
-2 1
+2 1
-2 1
+27 2
-27 1
fe=(2)
573 2
fi=(5)
49 1
+37 1
-37 1
+37 1
+2 1
-2 1
+2 1
-2 1
+27 3
+1 2
fi=(6)
534 2
fi=(5)
114 282
fi=(6)
534 282
+1 142
fi=(5)
113 142
fi=(6)
535 284
fi=(5)
113 284
+5 4
+8 7
fi=(6)
326 12
fi=(5)
126 21
+2 7
+2 7
-2 7
fi=(6)
287 7
fi=(5)
130 7
-2 7
+1 14
fi=(6)
287 14
+9 70
+3 14
+27 33
fe=(2)
573 6
fi=(5)
50 1
fi=(4)
+30 2
fi=(6)
326 2
+20 12
+1 6
fe=(2)
575 1
+13 1
cfi=(7)
cfn=(12) __rtld_malloc_init_stubs
calls=1 42 
* 10
+4 2
85 1
488 2
85 3
488 1
cfi=(8)
cfn=(14)
calls=1 25 
* 29
+2 2
-1 1
+1 2
+17 1
-15 1
-2 1
+17 1
-15 1
+9 1
-11 1
+17 1
cfi=(9)
cfn=(16) _dl_sysdep_start
calls=1 85 
* 139300
* 1
+2 2
+98 9
fi=(3)
62 4
+2 4
fe=(2)
573 3

fl=(42) ./string/../sysdeps/x86_64/multiarch/../strchr.S
fn=(118) index
23 15
+1 15
+1 15
+1 15
+1 15
+1 15
+1 15
+1 15
+1 15
+1 15
+1 15
+1 15
+1 15
+1 15
+1 15
+1 15
+1 15
+1 15
+1 13
+4 13
+1 13
+1 13
+1 13
+2 13
+4 2
+1 2
+1 2
+1 2
+1 2
+1 2
+1 2
+1 2
+1 2
+1 2
+1 2
+1 2
+1 2
+1 2
+1 2
+1 2
+1 2
+1 2
+1 2
+1 2
+1 2
+1 2
+1 2
+1 2
+52 2
+4 2
+1 2
+1 2
+1 2
+2 2

fl=(77)
fn=(270)
252 8
42 1
+9 1
-10 1
+4 1
-4 1
+3 1
+4 2
+1 2
-1 2
+14 2
254 8

fl=(193)
fn=(696)
31 9
+20 3
-3 7
+3 4
+3 2
cob=(3)
cfi=(194)
cfn=(698)
calls=1 +23 
* 43
+2 1
+3 2
+2 6
+7 2
-2 1
+2 1
cfi=(49)
cfn=(466)
calls=1 -28 
* 21
+5 14
+5 1
-5 1
+5 3
+2 8
+2 8
+2 8
+1 4
+1 4
+4 4
-12 12
+14 6
+1 4
+6 5
cfi=(12)
cfn=(246)
calls=1 290 
* 300
+9 2
cob=(3)
cfi=(195)
cfn=(700)
calls=1 367 
* 34
+5 6
+2 1
+2 3
-2 3
+2 9
+3 8
+3 12
+4 2
+11 4
+1 1
+1 2
+1 5
+1 2
cob=(5)
cfi=(150)
cfn=(702)
calls=1 0 
* 92
-1 5
+5 3
+1 6
cob=(2)
cfi=(51)
cfn=(728)
calls=1 0 
* 110
cob=(2)
cfi=(51)
cfn=(724)
calls=1 0 
* 4
+6 8
cfi=(49)
cfn=(726) _dl_audit_objclose
calls=4 -57 
* 20
+5 4
-45 12
+49 3
cfi=(49)
cfn=(466)
calls=1 40 
* 21
* 2
-38 9
+3 2
+41 6
+6 2
+7 8
73 2

fl=(52)
fn=(162)
225 10
+2 2
cob=(2)
cfi=(51)
cfn=(164)
calls=1 0 
* 2759
+1 2
+1 1
+1 1
-1 1
+1 1
+2 5

fn=(250)
238 6
+1 1
+1 1
+3 1
+1 1
+2 1
cfi=(2)
cfn=(252)
calls=1 696 
* 3849
+2 1
+1 1
+1 4

fn=(166)
175 9
+5 3
-5 9
+5 3
-2 6
+22 3
-1 3
+7 6
-6 3
+3 6
+3 3
cfi=(53)
cfn=(168)
calls=3 30 
* 72
* 12
+2 9
cfi=(66)
cfn=(214)
calls=2 61 
* 6596
cfi=(2)
cfn=(170)
calls=1 663 
* 2698
+2 3
-1 3
+1 3
-1 3
+1 6
+9 12

fl=(79)
fn=(282) do_lookup_x
363 808
+1 101
-1 505
+48 101
-30 202
-11 101
+41 101
-30 303
+30 101
fi=(80) ./elf/../sysdeps/generic/dl-protected.h
44 303
fe=(79)
381 101
fi=(80)
44 404
fe=(79)
395 951
+4 317
+4 317
-3 317
+3 1268
+1 951
+3 317
+1 634
+7 317
-3 634
-2 317
+5 1268
+3 2219
570 672
374 636
+3 636
+4 642
+4 634
+4 634
+88 188
fi=(4)
137 188
+1 282
fe=(79)
528 188
fi=(80)
29 188
fe=(79)
535 724
+16 188
+1 94
+1 188
422 400
-1 200
+2 200
+2 1200
+13 414
-10 1160
+3 96
-1 192
+1 96
-1 96
+2 192
-1 1152
cfn=(284) check_match
calls=96 70 
* 9248
+4 288
+3 4
573 7
+1 808
-35 21
-70 12
171 42
452 752

fn=(280)
840 1010
+10 101
-10 202
+10 101
-10 101
+10 101
204 101
840 101
204 505
581 404
-1 202
+2 101
-1 101
+1 303
-1 303
+1 1288
-1 1288
+1 3864
-1 3864
+2 101
846 101
-4 101
+1 101
+7 101
-8 101
+1 101
+7 377
+3 101
+2 202
-2 101
+6 202
-7 606
+7 35
+1 1414
cfn=(282)
calls=101 363 
* 35620
* 303
+28 101
-23 101
+23 101
-23 202
+24 548
+7 94
-7 94
+40 376
+79 188
-65 282
+3 282
-62 101
+69 909
-86 42
+18 21
+59 2

fn=(284)
70 96
+3 96
-3 1152
+3 380
+13 94
-13 94
+13 94
-13 94
+13 282
+3 316
cfi=(32)
cfn=(90)
calls=32 +19 
* 1544
* 64
+4 94
+1 188
+2 184
+19 184
+1 736
-38 94
+84 564
-18 4
+2 4
+1 2
-1 4
+1 6
-1 4
+16 12
-45 276
cfi=(32)
cfn=(90)
calls=92 -9 
* 2390
* 184
-44 8
+82 4

fl=(64)
fn=(204)
25 3
+1 12
+1 3

fl=(36) ./posix/../sysdeps/unix/syscall-template.S
fn=(102) uname
120 5
+2 1

fl=(56) ./io/../sysdeps/unix/sysv/linux/read_nocancel.c
fn=(180) __read_nocancel
25 2
+1 8
+1 2

fl=(58)
fn=(190)
29 6
+1 6
+5 9
cfi=(59)
cfn=(192)
calls=3 153 
* 24

fl=(32)
fn=(90)
108 175
+33 175
+1 175
+2 175
+1 175
+21 175
+1 175
+1 151
+1 151
+1 135
+1 135
+1 135
+1 135
+21 135
+1 135
+1 135
+1 135
+1 135
+1 135
+1 135
+5 5
+1 15
+9 5
+1 5
+1 5
+1 5
+1 5
+1 5
+1 5
+1 5
-7 40
+1 40
+1 40
+1 40
+1 40
+1 40
+1 40
+1 40
+1 39
+1 25
+1 25
+1 25
+2 25
+1 25
+1 25
+1 25
+1 25
+1 25
-5 14
+1 14
+1 14
+1 14
+1 14
+1 14
+10 6
+1 6
+1 6
+2 6
+6 6
+1 6
+1 6
+1 6
+1 6
+5 6
+2 4
+1 4
+1 8
+8 4
+1 4
+3 4
+1 4
+1 4
+1 4
+1 4
+1 4
568 1
+1 1
+1 1
+1 1
+1 1
+2 1
+1 1
+1 1
+1 1
+1 1
+1 1
+1 1
+1 1
+4 1
+1 1
+1 1
+6 1
+1 1
+1 2
+4 1
+1 1
+3 1
+1 1
+1 1
+3 1
+1 1
+1 1
+6 1
+1 1
+1 1
+1 1
+1 1
+1 1
943 1
+1 1
+1 1
+1 1
+1 1
+2 1
+1 1
+1 1
+1 1
+1 1
+1 1
+1 1
+1 1
+4 1
+1 1
+1 1
+6 1
+1 1
+1 2
+4 1
+1 1
+3 1
+1 1
+1 1
+3 1
+1 1
+1 1
+6 1
+1 1
+1 1
+1 1
+1 1
+1 1
+72 5
+1 5
+1 5
+1 5
+1 5
+2 5
+1 5
+1 5
+1 5
+1 5
+1 5
+1 5
+1 1
+4 1
+1 1
+1 1
+6 1
+1 1
+1 2
+4 1
+1 1
+3 1
+1 1
+1 1
+3 1
+1 1
+1 1
+6 1
+1 1
+1 1
+1 1
+1 1
+1 1
+7 1
+1 1
+2 1
+1 1
+2 1
+1 1
+1 1
+3 1
+1 1
+1 1
+6 1
+1 1
+1 1
+1 1
+1 1
+1 1
+41 4
+1 4
+1 4
+1 4
+1 4
+2 4
+1 4
+1 4
+1 4
+1 4
+1 4
+1 4
1318 2
+1 2
+1 2
+1 2
+1 2
+2 2
+1 2
+1 2
+1 2
+1 2
+1 2
+1 2
+1 2
+4 2
+1 2
+1 2
+6 2
+1 2
+1 4
+4 2
+1 2
+3 2
+1 2
+1 2
+3 2
+1 2
+1 2
+6 2
+1 2
+1 2
+1 2
+1 2
+1 2
+72 1
+1 1
+1 1
+1 1
+1 1
+2 1
+1 1
+1 1
+1 1
+1 1
+1 1
+1 1
+1 1
+4 1
+1 1
+1 1
+6 1
+1 1
+1 2
+4 1
+1 1
+3 1
+1 1
+1 1
+3 1
+1 1
+1 1
+6 1
+1 1
+1 1
+1 1
+1 1
+1 1
+72 1
+1 1
+1 1
+1 1
+1 1
+2 1
+1 1
+1 1
+1 1
+1 1
+1 1
+1 1
+1 1
+4 1
+1 1
+1 1
+6 1
+1 1
+1 2
+4 1
+1 1
+3 1
+1 1
+1 1
+3 1
+1 1
+1 1
+6 1
+1 1
+1 1
+1 1
+1 1
+1 1
+72 3
+1 3
+1 3
+1 3
+1 3
+2 3
+1 3
+1 3
+1 3
+1 3
+1 3
+1 3
+1 2
+4 2
+1 2
+1 2
+6 2
+1 2
+1 4
+4 2
+1 2
+3 2
+1 2
+1 2
+3 2
+1 2
+1 2
+6 2
+1 2
+1 2
+1 2
+1 2
+1 2
+72 1
+1 1
+1 1
+1 1
+1 1
+2 1
+1 1
+1 1
+1 1
+1 1
+1 1
+1 1
1943 4
+1 4
+1 4
+1 4
+1 4
+2 4
+1 4
+1 4
+1 4
+1 4
+1 4
+1 4
+1 3
+4 3
+1 3
+1 3
+6 3
+1 3
+1 6
+4 3
+1 3
+3 3
+1 3
+1 3
+3 3
+1 3
+1 3
+6 3
+1 3
+1 3
+1 3
+1 3
+1 3
+72 16
+1 16
+1 16
+1 16
+1 16
+2 16
+1 16
+1 16
+1 16
+1 16
+1 16
+1 16
+2 6
+4 6
+1 6
+1 6
+6 6
+1 6
+2 12
+4 6
+1 6
+3 6
+1 6
+1 6
+3 6
+1 6
+1 6
+6 6
+1 6
+1 6
+1 6
+1 6
+1 6
+74 22
+2 22
+1 22
+1 22
+1 22
-3 23
+1 23
+1 23
+1 23
+1 50
+5 25
+6 25
+1 25
+8 25
+1 25
-16 150
+6 150
+1 150
+8 150
+1 150

fl=(68)
fn=(230) _dl_cache_libcmp
370 9
+1 9
+32 9
-33 18
+1 20
+2 45
+2 45
-2 90
+20 88
+2 88
-12 36
+2 36
+14 36
+1 36
-29 72
+32 3
-28 2
+8 1
-2 2
+1 2
-1 1
+2 3
+2 1
-3 1
+3 3
+2 2
+9 24

fn=(222) _dl_load_cache_lookup
416 10
+2 2
+3 3
+74 1
208 1
495 2
+3 3
fi=(70) ./elf/../sysdeps/x86/dl-procinfo.h
39 2
+3 3
cfi=(32)
cfn=(90)
calls=1 +66 
* 25
* 4
fe=(68)
212 6
cfi=(10)
cfn=(24)
calls=1 405 
* 21
* 1
+16 2
-16 1
+6 2
+10 1
-7 5
+9 3
+1 1
-37 2
+37 1
+4 2
-5 21
+1 7
-37 14
+37 7
+4 14
+4 24
cfn=(230)
calls=8 370 
* 608
+1 16
359 7
+3 2
228 2
360 6
228 15
+2 5
+20 2
+3 2
+2 4
cfn=(230)
calls=1 370 
* 74
* 2
-7 2
-30 2
+1 1
+95 1
-95 1
-1 8
+96 3
-47 2
+10 2
+1 3
fi=(69) ./elf/../sysdeps/generic/dl-cache.h
125 5
fe=(68)
294 2
+9 2
+3 2
+2 3
+1 2
+5 2
+1 4
+7 2
+21 4
513 2
+12 2
cfi=(22)
cfn=(60)
calls=1 41 
* 33
* 12
+1 1
-1 1
+1 1
-1 1
+1 1
cfi=(29)
cfn=(80)
calls=1 212 
* 11
* 1
+1 1
cfi=(45)
cfn=(140)
calls=1 40 
* 89
+1 8
-3 2
424 4
cfi=(54)
cfn=(224)
calls=1 36 
* 91
* 1
+8 5
+1 8
+3 4
+1 1
-1 3
fi=(69)
194 1
+1 5
fe=(68)
444 1
+1 2

fn=(468)
537 1
+1 4
-1 1
+3 2
cfi=(72)
cfn=(470)
calls=1 117 
* 6
+1 1
+4 1
+2 2

fl=(144)
fn=(474)
77 12
+1 1
+1 1
+3 3
+8 2
+25 1
+1 5
+1 2
-86 4
+86 6
-86 12
+2 20
cfn=(476) call_init.part.0
calls=3 -7 
* 193
+83 12
+7 8
-92 4
+2 6
cfn=(476)
calls=1 -7 
* 61
+52 2

fn=(476)
26 32
+13 4
-13 4
+16 4
-3 8
+3 8
+5 6
+8 9
+1 6
cob=(2)
cfi=(51)
cfn=(478)
calls=1 -56 
* 26
+3 3
+1 6
+6 2
+2 2
-2 1
+3 7
+1 4
cob=(3)
cfi=(149)
cfn=(504)
calls=1 +13 
* 12
* 4
cob=(3)
cfi=(146)
cfn=(496)
calls=1 -24 
* 74
-1 6
+3 24
-29 2

fl=(47)
fn=(264)
422 2
+13 1
-13 2
+2 1
+12 1
fi=(28)
56 1
cfi=(27)
cfn=(76)
calls=1 -21 
* 53
fe=(47)
437 3
+8 2
fi=(28)
44 1
fe=(47)
445 2
+1 1
+4 321
+19 1
-99 1
+4 1
+1 1
fi=(28)
44 1
cfi=(27)
cfn=(72)
calls=1 +34 
* 36
fe=(47)
376 2
+3 1
+6 2
+90 5

fn=(412)
1015 8
+6 1
+3 1
+1 1
+4 3
+34 2
+3 3
+1 3
+3 6

fn=(414)
528 10
+1 2
+4 1
+6 1
-6 1
+6 1
cfi=(24)
cfn=(84)
calls=1 42 
* 3
+3 3
+12 1
-18 1
-1 1
+43 3
-19 13
+9 3
+1 2
+6 3
+1 1
+2 2
-2 1
+6 1
-4 2
+4 1
-4 2
+3 2
+4 2
+1 4
+2 2
+1 2
+17 1
-8 1
+8 1
+2 3
cfi=(29)
cfn=(128)
calls=1 199 
* 13
* 5
cfi=(44)
cfn=(132)
calls=1 125 
* 25
-49 1
+55 1
-55 4
+6 4
+55 2
cfi=(24)
cfn=(84)
calls=1 42 
* 3
+3 2
+3 9

fn=(238) _dl_assign_tls_modid
131 2
+3 1
+13 1
-13 1
+52 1
+2 1
+3 1
+1 2

fn=(262)
221 8
+6 3
+3 2
+36 3
+2 1
-2 1
-2 1
-40 1
-1 1
-1 1
+46 2
+23 3
+3 1
-3 4
+2 2
-2 1
-25 1
+20 1
-20 5
+2 2
+3 1
-1 1
+5 2
-5 1
+1 1
-1 1
+3 2
+2 3
+32 3
-1 1
+1 4
+2 2
-2 2
+53 8

fn=(148)
197 1
+2 2
+1 1
+15 2

fn=(260)
97 2
+4 1
-4 2
+4 1
-4 2
+4 3
cfi=(10)
cfn=(24)
calls=1 405 
* 21
* 1
+1 4
cfi=(10)
cfn=(24)
calls=1 405 
* 21
* 1
+8 1
-8 1
+6 2
+2 3
+3 1
+2 1
-32 3
+34 3
+1 5

fl=(129)
fn=(416)
561 4
+3 1
+2 2
+13 1
cfn=(420) _dlfo_process_initial
calls=1 474 
* 79
+1 1
-1 1
+1 1
fi=(28)
56 1
cfi=(27)
cfn=(76)
calls=1 -21 
* 25
fe=(129)
580 1
fi=(28)
56 1
fe=(129)
582 2
+3 2
+5 1
+1 1
cfn=(420)
calls=1 474 
* 280
+3 3
+10 4
-37 2
cfi=(130) ./elf/./dl-find_object.h
cfn=(418) _dl_find_object_from_map
calls=1 95 
* 68
* 1
+29 2
cfn=(422) _dlfo_sort_mappings
calls=1 -60 
* 80
+3 6
+2 1

fn=(420)
474 2
+3 2
-3 2
+1 2
+3 4
+26 14
+1 6
+1 8
-1 16
+3 28
+3 24
-7 10
+25 2
+2 8
-18 18
+3 6
-1 6
cfi=(130)
cfn=(418)
calls=3 95 
* 189
+2 12

fn=(422)
536 1
+1 2
+3 4
+4 1
+1 1
-1 1
+1 2
-1 1
+1 1
-1 1
+1 6
+1 19
-1 9
+8 6
+1 4
-1 2
-13 4
+14 6
+1 4
-15 4
+17 1

fl=(31)
fn=(106)
706 11
+14 1
-14 2
+14 2
cfi=(38)
cfn=(108)
calls=1 175 
* 1847
fi=(28)
56 1
fe=(31)
720 1
fi=(28)
56 1
cfi=(27)
cfn=(76)
calls=1 -21 
* 25
fe=(31)
725 1
+2 2
+7 2
+1 2
-1 3
+5 3
fi=(28)
56 1
cfi=(27)
cfn=(76)
calls=1 -21 
* 25
fe=(31)
739 1
+2 4
+17 1
-10 1
+19 1
-11 1
-9 1
+9 1
+12 2
-10 1
+3 2
+9 1
-7 1
+4 1
+3 2
-3 1
-8 1
+3 1
+8 1
-3 1
+1 16
cfi=(44)
cfn=(132)
calls=4 125 
* 72
+2 18
-14 3
+10 3
+4 3
-12 3
-2 3
+2 3
+4 3
-3 3
+3 3
+1 3
-2 3
+5 6
+1 3
-4 3
+4 3
+15 1
+3 1
-15 1
+7 1
-1 1
+9 2
+2 4
+2 3
+36 5
+2 2
cfi=(22)
cfn=(60)
calls=1 41 
* 17
* 9
-19 1
-2 1
+2 2
+19 9
cfi=(29)
cfn=(80)
calls=1 212 
* 11
* 1
+5 4
-1 2
+2 1
+1 2
-2 4
+1 13
+1 26
-2 52
+5 1
fi=(28)
56 1
cfi=(27)
cfn=(76)
calls=1 -21 
* 25
fe=(31)
836 1
fi=(28)
56 1
fe=(31)
838 2
+6 6
cfn=(134) fillin_rpath.isra.0
calls=1 468 
* 587
+3 3
+6 1
+4 8
-35 2
+5 2

fn=(88)
868 3
+8 3
-8 3
+8 3
-6 3
+12 6
-13 3
+13 3
-13 3
+13 6
+3 9
+1 6
+1 6
+43 3

fn=(176) open_verify.constprop.1
1568 11
+39 3
+19 4
cfi=(55)
cfn=(178)
calls=1 28 
* 19
* 1
+2 2
+11 1
+6 2
-5 1
+5 8
cfi=(56)
cfn=(180)
calls=1 25 
* 6
+2 2
+2 2
+2 2
+6 2
+17 11
fi=(28)
50 2
cfi=(27)
cfn=(144)
calls=1 +45 
* 5
fe=(31)
1856 9
1674 3
+74 2
+5 2
+2 4
+6 2
+6 1
+1 1
-1 3
+1 1
-1 1
+1 2
+1 2
+20 3
+31 1
-31 1
1633 1
1820 2
-31 66
+1 28
+1 8
+4 8
+25 12
+3 18
+3 2
-4 2
+4 4
+6 4
-36 6

fn=(184) _dl_map_object_from_fd
944 20
+10 2
-10 8
+10 2
cfi=(46)
cfn=(186)
calls=2 38 
* 14
* 2
+7 8
+85 8
+10 4
+7 14
cfi=(26)
cfn=(70)
calls=2 59 
* 766
* 2
+1 4
+11 4
+5 2
-5 2
+1 4
+1 2
+2 2
-2 2
+2 4
+1 6
+1 2
+19 2
-2 1
+2 12
-2 1
+2 30
+10 8
+85 2
-58 2
-34 2
-1 2
+93 2
+6 2
-64 4
+9 2
+55 4
-55 2
-42 2
+97 4
1101 2
-5 4
+15 60
+20 2
+1 1
-22 69
+1 127
1213 4
1110 2
1213 4
1110 6
1218 6
+10 4
+1 2
-1 2
+1 2
-1 6
+1 6
-1 6
+1 6
-1 18
1076 4
1235 4
+10 8
+7 4
fi=(61) ./elf/./dl-map-segments.h
96 2
fe=(31)
1252 6
fi=(61)
28 2
fe=(31)
1252 2
fi=(61)
96 2
fe=(31)
1252 2
fi=(61)
28 4
+1 16
cfi=(60)
cfn=(194)
calls=2 +18 
* 18
+74 4
-1 2
-73 2
+74 2
+3 4
+1 2
+2 2
-3 2
+1 2
+2 2
+7 8
+3 4
cfi=(72)
cfn=(236)
calls=1 -2 
* 6
* 3
+7 2
+2 2
fi=(62) ./elf/./dl-load.h
-37 16
+1 6
+2 16
fi=(61)
+56 32
+8 2
-2 2
+1 2
+2 2
-1 2
+1 2
-1 6
+8 4
+3 4
+8 14
cfi=(44)
cfn=(132)
calls=2 -52 
* 237
+1 4
+5 4
+12 8
-59 40
+2 12
+3 6
-3 12
+2 48
cfi=(60)
cfn=(194)
calls=6 -93 
* 54
* 18
fi=(57) ./elf/../sysdeps/posix/dl-fileid.h
37 6
cfi=(58)
cfn=(190)
calls=2 -8 
* 30
* 4
fe=(31)
999 4
fi=(57)
40 6
fe=(31)
999 2
fi=(57)
40 2
fe=(31)
999 23
+1 10
fi=(57)
49 12
fe=(31)
1515 18
1018 4
+66 13
+1 2
-1 1
+1 1
-1 1
+1 1
cfi=(71)
cfn=(232)
calls=1 25 
* 7
* 2
+26 26
+26 48
+10 8
-1 8
-1 8
+2 8
+2 8
-2 8
-1 48
+2 16
+1 8
+2 8
-3 8
+3 48
+2 16
+4 16
+1 30
+4 6
+1 6
-1 6
+1 42
-18 6
+28 6
-11 2
+1 2
-1 2
+1 14
-18 2
+28 2
-56 4
+7 2
+2 2
-2 2
+1 2
+1 2
-1 4
+1 16
+50 3
+5 1
-1 2
+5 1
-5 2
-56 1
+61 4
+1 1
+3 1
-3 1
+8 4
+15 4
+1 2
+58 8
+1 6
fi=(63) ./elf/./elf/get-dynamic-info.h
39 4
+6 2
-2 2
+2 4
+9 2
+5 2
+3 2
+2 2
-3 2
-3 2
-3 28
+13 8
-23 32
+23 29
-23 116
+4 74
+5 40
+2 10
+3 8
+13 8
+10 7
+1 8
+1 8
+1 8
+2 8
+5 7
+1 7
+1 8
+3 6
+5 2
+7 4
+1 6
+22 6
+5 2
+2 2
+2 2
+2 2
+4 6
+2 3
+1 2
+9 2
+6 2
+4 4
fe=(31)
1275 4
+1 4
+2 4
+10 6
+19 6
+2 10
+52 6
+1 2
+6 16
+1 42
+6 8
cfn=(88)
calls=2 868 
* 40
-7 54
+1 25
+6 25
-6 50
fi=(30)
95 16
213 2
-1 4
105 4
212 2
105 2
-2 2
-3 2
+2 2
+3 2
-4 4
+92 8
-1 2
-87 6
+3 6
+1 4
+1 4
+4 6
+4 6
+3 6
+1 4
+4 2
+1 8
+58 6
+2 8
-56 6
+1 3
+3 6
+3 3
+1 12
+5 6
+2 6
+5 6
+14 3
-1 6
+2 2
-1 4
fe=(31)
1380 4
cfi=(64)
cfn=(204)
calls=2 25 
* 12
* 4
+13 4
+2 8
+2 4
+16 4
cfi=(8)
cfn=(14)
calls=2 25 
* 58
+4 4
+1 4
+17 4
+1 1
+3 1
+5 1
-5 1
+5 1
-5 1
+5 1
-5 1
+5 1
+10 4
+7 12
+10 4
+1 4
+5 2
cfi=(47)
cfn=(238)
calls=1 131 
* 10
+7 6
cfi=(26)
cfn=(82)
calls=2 31 
* 94
+3 8
+23 14
+1 6
cfi=(49)
cfn=(206) _dl_audit_objopen
calls=2 76 
* 10
* 2
fi=(62)
95 5
+2 1
-1 2
+1 1
-1 1
+1 1
-1 1
+1 1
-1 2
+3 4
fe=(31)
1506 10
fi=(30)
198 8
+2 2
+1 2
+2 2
-3 6
fe=(31)
1368 6
fi=(63)
62 8
+2 8
fe=(31)
1084 2
fi=(61)
187 8
cfi=(60)
cfn=(194)
calls=1 47 
* 9
+3 2
fe=(31)
1462 6
+2 1
-1 5
+1 1
-1 1
+1 1
-1 1
cfi=(32)
cfn=(90)
calls=1 108 
* 25
* 2
+2 5
1275 2
fi=(57)
49 3
fi=(30)
170 3
-39 2
fe=(31)

fn=(216) open_path
1870 8
+1 1
-1 6
+1 1
+6 2
+5 16
-7 2
+7 1
-8 1
+8 2
+3 2
+9 6
+7 3
+1 1
-1 1
cfi=(29)
cfn=(128)
calls=1 199 
* 13
-12 1
+12 1
+59 5
-58 4
+3 20
+5 80
cfi=(29)
cfn=(128)
calls=10 199 
* 134
* 40
cfi=(29)
cfn=(128)
calls=10 199 
* 130
+3 20
+6 30
+3 60
cfn=(218) open_verify.constprop.0
calls=10 1568 
* 540
* 10
+2 30
+2 20
+65 8
+7 2
-2 2
+2 2
+3 3
-13 1
+27 9
1902 58
+29 20
+1 70
+6 20
+2 10
-2 10
+2 20
cfi=(67) ./io/../sysdeps/unix/sysv/linux/stat64.c
cfn=(220) stat
calls=10 28 
* 158
* 10
+3 10
-3 20
+1 1
+2 2
-2 1
+2 26
-61 2

fn=(218)
1568 121
+39 33
+19 44
cfi=(55)
cfn=(178)
calls=11 28 
* 239
* 11
+2 22
+11 1
+6 2
-5 1
+5 8
cfi=(56)
cfn=(180)
calls=1 25 
* 6
+2 2
+2 2
+2 2
+6 2
+17 11
fi=(28)
50 2
cfi=(27)
cfn=(144)
calls=1 +45 
* 5
fe=(31)
1856 99
1674 3
+74 2
+5 2
+2 4
+6 2
+6 1
+1 1
-1 3
+1 1
-1 1
+1 2
+21 3
+31 1
-31 1
1633 1
1820 2
-31 48
+1 24
+1 8
+4 8
+6 4
+1 28
+10 12
cfi=(71)
cfn=(232)
calls=2 25 
* 14
* 16
+8 18
+15 2
+6 1
-3 1
+1 1
+1 1
+1 2
-3 1
+1 1
+1 1
+2 1
-3 3
-1 1
+4 2
-19 18
+3 2
-4 2
+4 4
+5 1
+1 4
-60 13
+1 3
-1 1
+1 3
cfi=(71)
cfn=(232)
calls=1 25 
* 7
* 3
+16 5
1612 20
+62 3
1802 4
-30 2

fn=(212)
238 4
+3 2
-3 4
+7 2
-7 4
+3 2
cfi=(42)
cfn=(118)
calls=2 23 
* 72
+3 4
+20 14

fn=(172)
2022 30
+8 6
+1 12
+3 42
+5 49
+2 21
cfi=(54)
cfn=(174)
calls=7 68 
* 810
* 14
+4 12
+1 18
+4 2
-1 10
+1 2
+1 2
-1 2
+1 2
cfi=(32)
cfn=(90)
calls=2 108 
* 86
* 4
2329 27
2068 2
+1 2
-1 2
+1 2
-1 2
+1 2
-1 4
-44 2
+53 6
+17 4
-2 2
+2 2
cfi=(42)
cfn=(118)
calls=2 23 
* 48
* 4
2260 2
-1 3
cfn=(138) expand_dynamic_string_token
calls=1 385 
* 168
+2 1
-3 1
+1 1
+2 2
+4 5
cfn=(176)
calls=1 1568 
* 283
+3 2
-3 1
+3 1
+12 4
+46 1
+1 3
-1 1
+1 9
cfn=(184)
calls=1 944 
* 1819
-1 1
+1 3
-1 1
+1 9
cfn=(184)
calls=1 944 
* 2221
* 6
2098 2
cfi=(22)
cfn=(60)
calls=1 41 
* 17
* 2
+2 2
+7 4
+51 11
cfn=(216)
calls=1 1870 
* 1656
+6 1
-6 1
+6 4
682 1
2165 1
682 2
2252 2
+28 4
+2 4
2111 1
696 3
2111 1
+1 1
696 2
2116 3
682 1
2117 1
682 2
2173 1
+14 2
+2 3
+4 2
cfi=(68)
cfn=(222)
calls=1 416 
* 1281
* 1
+2 2
+4 2
+8 3
+23 6
cfn=(218)
calls=1 1568 
* 396
+4 2
-4 1
+4 1
+1 2
2131 5
+1 10
682 1
2133 1
682 2
2157 3
+1 2
-16 2

fn=(138)
385 14
241 2
385 2
241 2
385 2
241 2
cfi=(42)
cfn=(118)
calls=2 23 
* 72
+3 4
410 2
-11 2
+11 12
-11 2
cfi=(45)
cfn=(140)
calls=2 40 
* 168

fn=(134)
468 7
+4 1
-4 8
+6 3
cfi=(7)
cfn=(136) strsep
calls=1 239 
* 240
* 3
cfi=(7)
cfn=(136)
calls=1 239 
* 8
* 6
+7 2
+2 3
cfn=(138)
calls=1 -98 
* 118
* 1
+4 2
+5 2
cfi=(22)
cfn=(60)
calls=1 41 
* 17
* 1
+1 2
+7 5
+9 15
+1 8
+55 2
fi=(28)
50 2
cfi=(27)
cfn=(144)
calls=1 +45 
* 5
+1 1
fe=(31)
528 2
+4 3
fi=(28)
56 1
cfi=(27)
cfn=(76)
calls=1 -21 
* 25
* 1
fe=(31)
534 2
+5 1
+1 2
-1 1
-1 1
+2 1
cfi=(29)
cfn=(128)
calls=1 199 
* 13
+3 1
-3 1
+1 1
+2 1
+6 1
+1 1
-1 3
+1 11
+1 1
-1 1
+1 2
-1 2
+1 1
-1 1
+1 2
-1 6
+1 1
-1 1
+1 1
-1 3
+1 1
-1 2
+3 1
+1 1
-1 1
+1 2
+1 1
+6 2
+1 2
-57 4
+66 1
+3 8
-46 4

fl=(67)
fn=(220)
28 20
+1 40
cfi=(59)
cfn=(192)
calls=10 153 
* 98

fl=(9)
fn=(16)
85 4
+25 1
-25 6
+25 1
-1 1
+1 135
+11 1
-8 1
+1 1
-4 1
+3 1
+6 1
+2 13
-34 1
-1 1
+36 113
+3 1
+1 1
-5 85
+57 1
-57 1
+58 1
-1 1
-57 3
+29 1
-29 1
+30 1
-1 1
-29 3
+41 1
-41 1
+42 1
-1 1
-41 3
+35 1
-35 1
+36 1
-1 1
-35 3
+32 1
-32 1
+33 1
-1 1
-32 4
+13 1
-13 1
+14 1
-1 1
-13 3
+10 1
-10 1
+11 1
-1 1
-10 3
+7 1
-7 4
224 1
cfi=(10)
cfn=(18)
calls=1 +58 
* 21431
+3 1
cfi=(12)
cfn=(22)
calls=1 +54 
* 32
fi=(13)
36 2
cfi=(14)
cfn=(28)
calls=1 -1 
* 8
fi=(6)
215 1
cfi=(15)
cfn=(32)
calls=1 37 
* 7224
fe=(9)
+23 3
+1 1
cfi=(22)
cfn=(60)
calls=1 41 
* 17
* 1
+2 2
cfi=(23)
cfn=(62)
calls=1 37 
* 15
* 3
+12 3
+3 5
cfi=(2)
cfn=(64)
calls=1 1320 
* 110117
+2 9

fn=(464)
262 1
+1 1

fl=(41)
fn=(116)
51 55
-25 42
+4 24
+4 48
+1 12
-1 24
+2 24
+5 27
cfi=(42)
cfn=(118)
calls=9 -18 
* 216
+1 18
+3 6
+11 12
+1 12
+1 6
-1 6
+1 6
-2 6
+1 6
+1 3
-1 3
+1 27
cfn=(120) _dl_hwcaps_contains
calls=6 +8 
* 30
* 12
-3 5
+7 44
-19 6
cfi=(22)
cfn=(60)
calls=3 -2 
* 51
* 3

fn=(122)
25 4
+1 3
+21 1
-20 1
+20 3

fn=(120)
66 6
+1 12
+1 6
+9 6

fl=(55)
fn=(178)
28 13
+3 13
-3 39
+3 78
+8 91
+2 3
-2 30
+2 10

fl=(73)
fn=(240)
30 20
+4 2
+1 4
+11 2
-1 4
+18 8

fl=(13)
fn=(100)
46 5
+2 3
+40 2
cfi=(36)
cfn=(102)
calls=1 +32 
* 6
+15 1
-15 2
+20 1
-1 1
+3 12
+4 3
-2 6
+2 11
+3 2
-1 2
+1 6
-3 8
+3 1
-1 1
+1 3
-3 4
+7 3
-1 3
+4 3
-2 3
+2 12
+9 5

fl=(130)
fn=(418)
95 8
+1 8
+1 4
+6 20
+1 119
+1 82
+2 12
+5 4

fl=(49)
fn=(726)
96 4
+1 16

fn=(206)
76 2
+1 8

fn=(154)
28 6
+2 1
-1 1
+1 2
+6 6

fn=(466)
40 6
+4 3
-4 3
+4 3
-4 3
+4 3
-4 6
+4 3
+1 3
+1 12
+4 18

fn=(530)
117 1
+1 4

fl=(24)
fn=(84)
42 8
+2 16

fn=(266)
68 2
fi=(211) ./elf/../include/list.h
-24 1
fe=(24)
+24 1
fi=(211)
-25 1
fe=(24)
+26 1
+3 1
fi=(211)
-29 1
+1 1
+1 1
+2 1
fe=(24)
+28 4
+1 2
+1 1
+5 2
+5 1
+6 1
-3 1
+3 1
-6 3
+6 1
+13 3
fi=(76) ./elf/../sysdeps/unix/sysv/linux/rseq-internal.h
-72 1
fe=(24)
+72 1
cfi=(10)
cfn=(24)
calls=1 405 
* 20
fi=(76)
-74 3
+2 6
+3 2
+3 1
fe=(24)
+83 3
+7 2
+2 1
+1 1
+1 3

fn=(66)
53 3
+3 8
+5 1
-5 1
+5 1
+1 1
-6 1
+8 1

fl=(7)
fn=(428) lookup_malloc_symbol
61 8
+3 4
-3 16
+3 4
-3 4
+3 8
-1 4
+1 12
cfi=(79)
cfn=(280)
calls=4 840 
* 2104
+4 28
+1 28
+2 4
fi=(132) ./elf/./dl-sym-post.h
-30 8
+12 12
fe=(7)
+19 20

fn=(136)
239 2
+3 4
+2 2
+1 4
+4 33
+7 84
-2 56
+13 1
+4 4
-22 14
+15 14
-15 30

fn=(424)
76 2
+10 1
fi=(131) ./elf/../sysdeps/generic/dl-hash.h
-41 1
fe=(7)
+31 1
fi=(131)
-32 1
fe=(7)
+32 5
+11 1
-1 1
fi=(131)
-43 1
+5 3
+14 4
-17 3
+3 15
+14 20
-17 15
fe=(7)
+46 2
fi=(131)
-24 1
fe=(7)
+22 1
+2 2
fi=(131)
-19 1
fe=(7)
+19 1
cfn=(428)
calls=1 -30 
* 575
+1 3
-1 1
+1 1
cfn=(428)
calls=1 -31 
* 575
+1 3
-1 1
+1 1
cfn=(428)
calls=1 -32 
* 561
+1 3
-1 1
+1 1
cfn=(428)
calls=1 -33 
* 553
+5 1
+1 1
+1 1
+1 1
+1 7

fn=(12)
42 1
+1 2
+1 2
+1 2
+1 2
+1 1

fl=(133)
fn=(432)
30 2
+10 3
-10 1
+10 2
-10 1
+7 1
+3 2
cfi=(134)
cfn=(434)
calls=1 +34 
* 175
+4 2
+1 8
+2 3
-2 1
+2 3
cfi=(134)
cfn=(434)
calls=1 +27 
* 198
+4 2
+1 6
+1 2
-1 1
+1 2

ob=(4)
fl=(145)
fn=(482)
0 12

fn=(730)
0 11
cob=(2)
cfi=(51)
cfn=(736)
calls=1 0 
0 74
0 10
cfn=(742) 0x0000000000001070
calls=1 0 
0 5
0 5

fn=(742)
0 5

fn=(490)
0 5

totals: 2652154
