# callgrind format
version: 1
creator: callgrind-3.18.1
pid: 517704
cmd:  ./Bakery
part: 1


desc: I1 cache: 
desc: D1 cache: 
desc: LL cache: 

desc: Timerange: Basic block 0 - 396268
desc: Trigger: Program termination

positions: line
events: Ir
summary: 1970036


ob=(2) ???
fl=(51) ???
fn=(636) 0x0000000000109140
0 982
cob=(3) /usr/lib/x86_64-linux-gnu/libc.so.6
cfi=(173) ./stdlib/../stdlib/strtol.c
cfn=(638) strtol
calls=491 105 
0 62800

fn=(700) 0x0000000000109170
0 330
cob=(3)
cfi=(186) ./debug/./debug/printf_chk.c
cfn=(702) __printf_chk
calls=165 25 
0 214271

fn=(566) 0x0000000004874380
0 4
cob=(3)
cfi=(166) ./malloc/./malloc/malloc.c
cfn=(568) malloc
calls=2 3287 
0 1987

fn=(626) 0x0000000000109150
0 644
cob=(3)
cfi=(180) ./string/../sysdeps/x86_64/multiarch/memmove-vec-unaligned-erms.S
cfn=(628) __memcpy_avx_unaligned_erms
calls=322 307 
0 3652

fn=(754) 0x000000000010b070
0 4

fn=(164) 0x0000000004002050
0 6
cob=(1) /usr/lib/x86_64-linux-gnu/ld-linux-x86-64.so.2
cfi=(52) ./elf/./elf/dl-error-skeleton.c
cfn=(166) _dl_catch_exception
calls=3 175 
0 9527

fn=(516) 0x0000000000109000
0 7

fn=(706) 0x00000000048744d0
0 1320
cob=(3)
cfi=(188) ./string/../sysdeps/x86_64/multiarch/strchr-avx2.S
cfn=(708) __strchrnul_avx2
calls=660 51 
0 12540

fn=(766) 0x000000000483f040
0 2
cob=(3)
cfi=(196) ./stdlib/./stdlib/cxa_finalize.c
cfn=(740) __cxa_finalize
calls=1 30 
0 72

fn=(478) 0x000000000483f000
0 6
cob=(4) /usr/libexec/valgrind/vgpreload_core-amd64-linux.so
cfi=(145) ???
cfn=(482) 0x0000000000001170
calls=1 0 
0 12
0 1
cob=(4)
cfi=(145)
cfn=(490) 0x00000000000012f0
calls=1 0 
0 5
0 2

fn=(662) 0x00000000048743e0
0 2524
cob=(3)
cfi=(180)
cfn=(664) __mempcpy_avx_unaligned_erms
calls=1262 294 
0 21722

fn=(758) 0x000000000483f334
0 3
cob=(4)
cfi=(145)
cfn=(760) 0x00000000000010e0
calls=1 0 
0 105
0 2

fn=(526) 0x00000000048746d0
0 2
cob=(1)
cfi=(49) ./elf/./elf/dl-audit.c
cfn=(530) _dl_audit_preinit
calls=1 117 
0 5
cob=(1)
cfi=(141) ./elf/../sysdeps/x86_64/dl-trampoline.h
cfn=(456) _dl_runtime_resolve_xsave
calls=1 67 
0 824
0 5

fn=(610) 0x0000000000109190
0 27102
cob=(3)
cfi=(176) ./libio/./libio/getc.c
cfn=(612) getc
calls=13551 34 
0 258104

fn=(618) 0x0000000000109160
0 4034
cob=(3)
cfi=(166)
cfn=(568)
calls=2017 3287 
0 150605

fn=(658) 0x0000000000109130
0 11364
cob=(3)
cfi=(184) ./string/../sysdeps/x86_64/multiarch/strcmp-avx2.S
cfn=(660) __strcmp_avx2
calls=5682 83 
0 128949

fn=(642) 0x0000000000109100
0 546
cob=(3)
cfi=(182) ./libio/./libio/ioputs.c
cfn=(644) puts
calls=273 33 
0 42170

fn=(646) 0x0000000004874490
0 876
cob=(3)
cfi=(178) ./string/../sysdeps/x86_64/multiarch/strlen-avx2.S
cfn=(622) __strlen_avx2
calls=438 50 
0 6132

fn=(684) 0x00000000001090f0
0 3846
cob=(3)
cfi=(166)
cfn=(686) free
calls=1923 3352 
0 181247

fn=(738) 0x00000000001090e0
0 2
cob=(3)
cfi=(196)
cfn=(740)
calls=1 30 
0 72

fn=(160) 0x0000000004002080
0 2
cob=(1)
cfi=(52)
cfn=(162) _dl_catch_error
calls=1 225 
0 2782

fn=(450) 0x0000000004874650
0 38
cob=(1)
cfi=(10) ./elf/./elf/dl-tunables.c
cfn=(24) __tunable_get_val
calls=19 405 
0 391
cob=(1)
cfi=(141)
cfn=(456)
calls=1 67 
0 813
0 5

fn=(500) 0x00000000048745f0
0 2
cob=(3)
cfi=(148) ./string/../sysdeps/x86_64/multiarch/strrchr-avx2.S
cfn=(502) __strrchr_avx2
calls=1 46 
0 34

fn=(542) 0x0000000000109180
0 2
cob=(3)
cfi=(158) ./stdio-common/./stdio-common/isoc99_scanf.c
cfn=(544) __isoc99_scanf
calls=1 25 
0 3696

fn=(620) 0x0000000000109110
0 446
cob=(3)
cfi=(178)
cfn=(622)
calls=223 50 
0 3122

ob=(5) /home/tia/Prog/Bakery
fl=(157) /home/tia/Prog/Bakery.c
fn=(670) insert_order
476 307
+2 921
+7 292
+16 584
-16 584
+16 561
+6 57
-6 114
+1 1312
+8 813
+1 464
+1 222
+1 222
+1 222
+1 444
-29 26
+1 12
+1 24
+1 12
+1 24
-11 15
+1 15
+1 15
+1 30
+28 16
+15 24
+7 44
+1 44
+1 88
+1 44
+5 44
-47 1
+1 2
+1 1
+1 2
+30 3
+1 3
+1 3
+1 16
-10 10
-1 10
+1 10
+1 20
+1 20

fn=(616) insert_new_rec
600 63
+2 21
-2 105
+7 21
-7 21
+2 21
cob=(2)
cfi=(51)
cfn=(618)
calls=21 0 
* 2494
+2 21
-1 21
-1 21
+2 21
cob=(2)
cfi=(51)
cfn=(620)
calls=21 0 
* 336
* 63
cob=(2)
cfi=(51)
cfn=(618)
calls=21 0 
* 1914
fi=(179) /usr/include/x86_64-linux-gnu/bits/string_fortified.h
79 42
fe=(157)
604 42
fi=(179)
79 21
cob=(2)
cfi=(51)
cfn=(626)
calls=21 -79 
* 289
fe=(157)
607 84
+6 16
+1 16
-1 16
+2 16
+1 32
+3 32
+1 80
-1 16
cfn=(630) save_ingr_rec
calls=16 -55 
* 90034
* 10
+1 25
-1 5
cfn=(630)
calls=5 -55 
* 21132
-11 5
+1 5
+1 10

fn=(694) remove_order
542 286
+2 572
+1 858
+4 544
+4 540
+5 140
+1 70
+3 70
-17 32
+1 14
+1 28
+3 4
+1 4
+3 200
+1 400

fn=(666) check_ro
1038 3348
+3 372
469 744
-2 372
+3 372
+1 186
-1 558
-1 558
+1 5708
+1 2854
-1 8562
-1 8562
1043 1116
+2 298
+13 435
cob=(2)
cfi=(51)
cfn=(658)
calls=87 0 
* 2009
* 174
+12 44
+1 44
+1 128
-24 775
cob=(2)
cfi=(51)
cfn=(658)
calls=155 0 
* 3585
* 310
+2 204
+27 96
cfn=(668) check_ingred
calls=24 949 
* 26395
* 48
+10 88
cfn=(670)
calls=22 476 
* 550
+6 44
+8 176
-24 300
cfn=(668)
calls=75 949 
* 101360
* 150
+3 176
cfn=(670)
calls=44 476 
* 1004
-75 44
+2 88
+7 168
+2 168
-2 168
+2 168
cob=(2)
cfi=(51)
cfn=(684)
calls=168 0 
* 15448
-9 336
+2 364
+1 910
+1 28
cfn=(696) remove_ingr
calls=14 +10 
* 4352
+5 28
cob=(2)
cfi=(51)
cfn=(684)
calls=14 0 
* 1293
-9 28
+11 44
+83 352
-41 172
+39 87
+2 87
-2 174
+2 522
-2 87
cfn=(670)
calls=87 476 
* 2167
-12 132
cfn=(670)
calls=33 476 
* 729
+3 33
+11 33
-11 33
+11 198
-11 33
cfn=(672) insert_name_check
calls=33 +13 
* 10422

fn=(668)
949 3267
+2 363
-2 363
+2 363
+4 363
-6 363
+3 363
-1 363
+4 363
-3 726
+3 363
469 1089
955 809
469 3599
-2 2344
+3 2344
+1 1172
-1 3516
-1 3516
+1 45326
+1 22663
-1 67989
-1 67989
956 4688
-1 2344
+3 2344
+27 30
+10 974
+1 1948
+2 495
+3 165
-1 165
+1 3469
-20 4470
+1 15932
-22 21144
cob=(2)
cfi=(51)
cfn=(658)
calls=4068 0 
* 102883
* 8136
+1 2360
cob=(2)
cfi=(51)
cfn=(618)
calls=1180 0 
* 70288
+1 2360
+1 2360
+1 1180
+6 1180
+2 3540
+5 2559
+1 853
+10 396
+2 1704
+1 426
cob=(2)
cfi=(51)
cfn=(684)
calls=426 0 
* 38827
-3 852
+13 198
-8 198
+8 2367

fn=(696)
1021 70
+2 70
-2 140
469 210
-2 140
+3 140
+1 70
-1 210
-1 210
+1 2706
+1 1353
-1 4059
-1 4059
1026 140
-1 210
+4 140
+3 140
+1 70
+2 70
cob=(2)
cfi=(51)
cfn=(684)
calls=70 0 
* 6891
-5 36

fn=(698) insert_van
622 165
+1 495
+7 310
-1 1407
+1 6976
+2 26
+1 26
+1 26
+25 26
-22 134
+8 258
+7 114
+1 114
+1 114
+1 114
+4 114
-35 10
+1 10
+1 20
+12 345
+8 15
+1 15
+1 15
-1 15
+2 30

fn=(540) main
75 2
+3 1
-3 9
+3 2
-1 2
+1 1
cob=(2)
cfi=(51)
cfn=(542)
calls=1 -78 
* 3698
* 2
+20 3
-13 1
+13 1
-6 1
fi=(181) /usr/include/x86_64-linux-gnu/bits/stdio2.h
+20 1
fe=(157)
-14 256
+3 13
+1 2
-16 1
+16 10
+1 2
-16 1
+16 10
-15 1
+9 1
fi=(177) /usr/include/x86_64-linux-gnu/bits/stdio.h
-48 2
cob=(2)
cfi=(51)
cfn=(610)
calls=1 -49 
* 21
* 540
cob=(2)
cfi=(51)
cfn=(610)
calls=270 -49 
* 5670
* 271
fe=(157)
+57 271
+4 271
-4 542
+4 1622
+32 516
+6 270
+1 4340
+1 1900
-1 1900
fi=(177)
49 5700
cob=(2)
cfi=(51)
cfn=(610)
calls=1900 -49 
* 39900
* 810
cob=(2)
cfi=(51)
cfn=(610)
calls=270 -49 
* 5670
fe=(157)
149 4340
+5 270
-2 270
+2 270
-2 270
+2 1155
+53 1470
+42 675
+36 410
+82 540
156 890
+1 445
-1 445
fi=(177)
49 1335
cob=(2)
cfi=(51)
cfn=(610)
calls=445 -49 
* 9345
* 75
cob=(2)
cfi=(51)
cfn=(610)
calls=25 -49 
* 525
fe=(157)
156 940
+4 25
469 100
-2 25
+3 50
+1 25
-1 75
-1 75
+1 840
+1 420
-1 1260
-1 1260
166 190
+8 15
+1 30
+1 32
+4 45
cob=(2)
cfi=(51)
cfn=(658)
calls=15 0 
* 365
* 30
+5 15
-10 54
+1 24
-1 24
+1 48
cob=(2)
cfi=(51)
cfn=(658)
calls=24 0 
* 552
-1 56
+13 24
cob=(2)
cfi=(51)
cfn=(658)
calls=8 0 
* 184
* 18
cob=(2)
cfi=(51)
cfn=(658)
calls=6 0 
* 142
* 28
+3 39
cob=(2)
cfi=(51)
cfn=(658)
calls=13 0 
* 307
+6 26
fi=(181)
-85 8
cob=(2)
cfi=(51)
cfn=(642)
calls=4 0 
* 620
* 4
fe=(157)
+91 1178
fi=(177)
49 1178
cob=(2)
cfi=(51)
cfn=(610)
calls=589 -49 
* 12369
fe=(157)
203 1178
-93 1
-18 1
376 16
+2 3
-1 6
+6 6
+1 3
+2 6
+1 6
cob=(2)
cfi=(51)
cfn=(684)
calls=3 0 
* 336
-1 52
+1 52
cob=(2)
cfi=(51)
cfn=(684)
calls=26 0 
* 2912
+1 58
cob=(2)
cfi=(51)
cfn=(684)
calls=29 0 
* 3248
-4 58
+11 16
+2 4
+1 4
-2 8
+14 6
+1 3
+2 6
+1 3
+1 6
+3 6
+1 6
cob=(2)
cfi=(51)
cfn=(684)
calls=3 0 
* 315
-6 26
+1 13
+1 26
+3 26
+1 26
cob=(2)
cfi=(51)
cfn=(684)
calls=13 0 
* 1454
-1 132
+1 132
cob=(2)
cfi=(51)
cfn=(684)
calls=66 0 
* 7350
+1 164
cob=(2)
cfi=(51)
cfn=(684)
calls=82 0 
* 9077
-4 164
+6 32
cob=(2)
cfi=(51)
cfn=(684)
calls=16 0 
* 1771
+1 32
cob=(2)
cfi=(51)
cfn=(684)
calls=16 0 
* 1771
-12 32
+20 12
+1 8
+5 6
+2 3
+2 6
+1 3
cob=(2)
cfi=(51)
cfn=(684)
calls=3 0 
* 336
-1 16
+1 8
cob=(2)
cfi=(51)
cfn=(684)
calls=8 0 
* 896
-3 22
-67 9
+78 1
+1 3
+2 2
+1 1
cob=(2)
cfi=(51)
cfn=(684)
calls=1 0 
* 112
-1 40
+1 20
cob=(2)
cfi=(51)
cfn=(684)
calls=20 0 
* 2240
-3 42
+7 1
+1 2
+5 12
209 60
+1 290
-1 290
fi=(177)
49 580
cob=(2)
cfi=(51)
cfn=(610)
calls=290 -49 
* 6090
* 40
cob=(2)
cfi=(51)
cfn=(610)
calls=20 -49 
* 420
fe=(157)
209 310
+1 310
-1 3100
+9 20
-6 20
+6 20
+11 40
-11 223
+5 378
-5 576
+1 412
cob=(2)
cfi=(51)
cfn=(658)
calls=103 0 
* 2369
* 610
cob=(2)
cfi=(51)
cfn=(658)
calls=101 0 
* 2347
* 202
fi=(181)
112 24
cob=(2)
cfi=(51)
cfn=(642)
calls=12 0 
* 1836
* 12
fe=(157)
221 12
+2 24
+6 71
+5 64
-5 186
+1 144
cob=(2)
cfi=(51)
cfn=(658)
calls=36 0 
* 856
* 216
cob=(2)
cfi=(51)
cfn=(658)
calls=36 0 
* 860
* 144
fi=(181)
112 4
cob=(2)
cfi=(51)
cfn=(642)
calls=2 0 
* 306
fe=(157)
232 2
+2 72
+5 36
+1 18
cfn=(712) check_recipe
calls=6 661 
* 3057
* 12
fi=(181)
112 8
cob=(2)
cfi=(51)
cfn=(642)
calls=4 0 
* 628
* 4
fe=(157)
-1 39
+6 10
-2 10
+9 175
-5 495
+1 165
+4 495
-3 165
+3 165
cfn=(694)
calls=165 542 
* 2125
+4 495
cfn=(698)
calls=165 622 
* 10894
-9 330
+13 30
+1 330
fi=(181)
-21 990
cob=(2)
cfi=(51)
cfn=(700)
calls=165 0 
* 214601
fe=(157)
+23 330
+1 165
cob=(2)
cfi=(51)
cfn=(684)
calls=165 0 
* 17269
-4 330
+10 26
+3 495
fi=(177)
-96 494
cob=(2)
cfi=(51)
cfn=(610)
calls=247 -49 
* 5345
fe=(157)
+94 494
+55 84
cfn=(616)
calls=21 600 
* 117071
fi=(181)
-86 42
cob=(2)
cfi=(51)
cfn=(642)
calls=21 0 
* 3682
* 21
fe=(157)
249 80
+3 80
cfn=(674) delete_expired
calls=20 732 
* 7846
+4 80
cfn=(676) refill
calls=20 759 
* 190070
fi=(181)
112 40
cob=(2)
cfi=(51)
cfn=(642)
calls=20 0 
* 3100
fe=(157)
260 40
+1 240
+1 102
+5 60
+2 30
+2 60
+1 30
cob=(2)
cfi=(51)
cfn=(684)
calls=30 0 
* 2896
-1 94
+1 47
cob=(2)
cfi=(51)
cfn=(684)
calls=47 0 
* 4708
-3 154
+6 51
-15 240
+21 180
cfn=(692) check_wo
calls=20 875 
* 586366
* 60
+4 1025
+2 6642
+1 3321
-1 3321
fi=(177)
49 9963
cob=(2)
cfi=(51)
cfn=(610)
calls=3321 -49 
* 69741
* 615
cob=(2)
cfi=(51)
cfn=(610)
calls=205 -49 
* 4305
fe=(157)
287 7052
+3 205
469 820
-2 410
+3 410
+1 205
-1 615
-1 615
+1 6232
+1 3116
-1 9348
-1 9348
297 1216
+8 162
+1 324
467 486
307 226
+4 240
cob=(2)
cfi=(51)
cfn=(658)
calls=80 0 
* 1904
* 160
+5 50
-10 302
+1 202
-1 202
+1 404
cob=(2)
cfi=(51)
cfn=(658)
calls=202 0 
* 4662
-1 404
+13 297
cob=(2)
cfi=(51)
cfn=(658)
calls=99 0 
* 2305
* 198
+3 138
cob=(2)
cfi=(51)
cfn=(658)
calls=46 0 
* 1066
* 92
fi=(181)
112 38
cob=(2)
cfi=(51)
cfn=(642)
calls=19 0 
* 2945
* 19
fi=(177)
-63 38
cob=(2)
cfi=(51)
cfn=(610)
calls=19 -49 
* 399
* 80
cob=(2)
cfi=(51)
cfn=(610)
calls=40 -49 
* 840
fe=(157)
363 137
fi=(181)
112 6
cob=(2)
cfi=(51)
cfn=(642)
calls=3 0 
* 459
* 3
fe=(157)
433 1
-61 1
+61 1
cob=(2)
cfi=(51)
cfn=(684)
calls=1 0 
* 112
-61 2
+26 1
+1 1
+2 2
+1 2
cob=(2)
cfi=(51)
cfn=(684)
calls=1 0 
* 112
-1 4
+1 4
cob=(2)
cfi=(51)
cfn=(684)
calls=2 0 
* 224
+1 6
cob=(2)
cfi=(51)
cfn=(684)
calls=3 0 
* 336
-4 6
+6 2
cob=(2)
cfi=(51)
cfn=(684)
calls=1 0 
* 112
+1 2
cob=(2)
cfi=(51)
cfn=(684)
calls=1 0 
* 112
* 1
fi=(181)
112 4
cob=(2)
cfi=(51)
cfn=(642)
calls=2 0 
* 310
* 2
fe=(157)
263 42
cob=(2)
cfi=(51)
cfn=(684)
calls=21 0 
* 1995
* 54
+56 66
+11 66
-11 140
+11 140
-11 83
+11 166
+1 278
-1 278
fi=(177)
49 556
cob=(2)
cfi=(51)
cfn=(610)
calls=278 -49 
* 5838
* 372
cob=(2)
cfi=(51)
cfn=(610)
calls=186 -49 
* 4065
fe=(157)
331 464
-1 1764
+3 186
fi=(185) /usr/include/stdlib.h
+31 372
fe=(157)
-27 186
fi=(185)
+27 372
cob=(2)
cfi=(51)
cfn=(636)
calls=186 0 
* 21836
fe=(157)
-26 186
fi=(185)
+26 186
fe=(157)
-26 372
+2 186
+1 186
+1 372
-2 625
+1 625
+1 1250
+8 186
-5 372
cob=(2)
cfi=(51)
cfn=(618)
calls=186 0 
* 22875
+6 186
+5 558
-8 186
+2 186
+1 186
+1 186
-6 186
+1 186
+2 186
+7 1860
cfn=(666)
calls=186 1038 
* 210601
fi=(181)
112 558
cob=(2)
cfi=(51)
cfn=(642)
calls=186 0 
* 28830
* 186
fe=(157)
+54 15
cob=(2)
cfi=(51)
cfn=(658)
calls=5 0 
* 115
* 10
+8 1
+1 3
297 108
cob=(2)
cfi=(51)
cfn=(658)
calls=36 0 
* 828
* 72
+8 30
+1 110
-77 2

fn=(676)
759 426
+7 4272
+1 2136
-1 2136
fi=(177)
49 4272
cob=(2)
cfi=(51)
cfn=(610)
calls=2136 -49 
* 45015
* 206
cob=(2)
cfi=(51)
cfn=(610)
calls=103 -49 
* 2163
fe=(157)
766 4478
+3 103
+2 103
+3 103
-3 103
cob=(2)
cfi=(51)
cfn=(620)
calls=103 0 
* 1648
* 309
cob=(2)
cfi=(51)
cfn=(618)
calls=103 0 
* 6651
fi=(179)
79 309
fe=(157)
771 103
fi=(179)
79 103
cob=(2)
cfi=(51)
cfn=(626)
calls=103 -79 
* 1369
fe=(157)
774 103
+1 327
-1 327
fi=(177)
49 654
cob=(2)
cfi=(51)
cfn=(610)
calls=327 -49 
* 6867
* 206
cob=(2)
cfi=(51)
cfn=(610)
calls=103 -49 
* 2163
fe=(157)
775 860
-1 860
+3 103
fi=(185)
364 309
fe=(157)
780 103
fi=(185)
364 103
cob=(2)
cfi=(51)
cfn=(636)
calls=103 0 
* 15380
* 103
fe=(157)
780 1997
+1 309
-1 309
fi=(177)
49 618
cob=(2)
cfi=(51)
cfn=(610)
calls=309 -49 
* 6489
* 206
cob=(2)
cfi=(51)
cfn=(610)
calls=103 -49 
* 2163
fe=(157)
781 824
-1 907
+3 83
fi=(185)
364 332
cob=(2)
cfi=(51)
cfn=(636)
calls=83 0 
* 12118
fe=(157)
783 20
fi=(185)
364 80
cob=(2)
cfi=(51)
cfn=(636)
calls=20 0 
* 2920
* 103
fe=(157)
784 103
469 412
-2 206
+3 206
+1 103
-1 309
-1 309
+1 4066
+1 2033
-1 6099
-1 6099
788 824
+17 429
+5 90
-5 270
+1 496
+40 102
+1 15
cob=(2)
cfi=(51)
cfn=(658)
calls=5 0 
* 115
* 10
+11 62
cob=(2)
cfi=(51)
cfn=(618)
calls=31 0 
* 3088
+1 31
-1 31
+1 31
cob=(2)
cfi=(51)
cfn=(618)
calls=31 0 
* 2944
fi=(179)
79 62
fe=(157)
859 62
fi=(179)
79 31
cob=(2)
cfi=(51)
cfn=(626)
calls=31 -79 
* 409
fe=(157)
861 62
cob=(2)
cfi=(51)
cfn=(684)
calls=31 0 
* 2842
+1 62
+1 62
+2 31
+1 31
-1 31
+2 62
+1 31
764 369
873 160
-83 6
cob=(2)
cfi=(51)
cfn=(618)
calls=3 0 
* 279
+1 3
-1 3
+1 3
cob=(2)
cfi=(51)
cfn=(618)
calls=3 0 
* 567
fi=(179)
79 6
fe=(157)
791 6
fi=(179)
79 3
cob=(2)
cfi=(51)
cfn=(626)
calls=3 -79 
* 39
fe=(157)
793 6
cob=(2)
cfi=(51)
cfn=(684)
calls=3 0 
* 273
+1 3
+4 3
+1 3
-5 3
+1 6
+2 6
+2 3
-35 60
+50 192
+5 25
+3 5
-8 10
+1 24
cob=(2)
cfi=(51)
cfn=(658)
calls=6 0 
* 138
* 12
+10 3
+29 9
-25 195
cob=(2)
cfi=(51)
cfn=(618)
calls=65 0 
* 5851
+1 65
-1 65
+1 65
cob=(2)
cfi=(51)
cfn=(618)
calls=65 0 
* 6088
fi=(179)
79 130
fe=(157)
830 130
fi=(179)
79 65
cob=(2)
cfi=(51)
cfn=(626)
calls=65 -79 
* 867
fe=(157)
832 130
cob=(2)
cfi=(51)
cfn=(684)
calls=65 0 
* 5936
+1 65
+8 65
-8 65
+1 130
+2 65
+5 65
-4 65
-1 65
+2 130
+1 65
+2 1007
+1 195
+4 58

fn=(630)
564 84
+5 21
-5 345
+6 4046
+1 2023
-1 2023
fi=(177)
49 4046
cob=(2)
cfi=(51)
cfn=(610)
calls=2023 -49 
* 42483
* 198
cob=(2)
cfi=(51)
cfn=(610)
calls=99 -49 
* 2238
fe=(157)
570 4244
+3 99
+3 198
cob=(2)
cfi=(51)
cfn=(618)
calls=99 0 
* 13779
+1 99
-1 99
+1 99
cob=(2)
cfi=(51)
cfn=(620)
calls=99 0 
* 1584
* 297
cob=(2)
cfi=(51)
cfn=(618)
calls=99 0 
* 9783
fi=(179)
79 198
fe=(157)
577 198
fi=(179)
79 99
cob=(2)
cfi=(51)
cfn=(626)
calls=99 -79 
* 1323
fe=(157)
580 297
+6 156
+1 78
+1 156
+1 156
-25 198
+28 900
+1 143
-1 143
fi=(177)
49 286
cob=(2)
cfi=(51)
cfn=(610)
calls=143 -49 
* 3003
* 198
cob=(2)
cfi=(51)
cfn=(610)
calls=99 -49 
* 2079
* 242
fe=(157)
593 484
-1 484
+3 78
fi=(185)
364 312
cob=(2)
cfi=(51)
cfn=(636)
calls=78 0 
* 9089
fe=(157)
596 78
-27 78
+26 21
fi=(185)
364 63
fe=(157)
569 21
fi=(185)
364 21
cob=(2)
cfi=(51)
cfn=(636)
calls=21 0 
* 2439
fe=(157)
596 21
-27 84
+29 168
-17 21
+1 21
+1 42

fn=(672)
1103 550
+2 110
-2 110
+2 110
cob=(2)
cfi=(51)
cfn=(618)
calls=110 0 
* 8038
* 110
+1 110
+1 110
-1 110
+2 220
469 330
-2 220
+3 220
+1 110
-1 330
-1 330
+1 3276
+1 1638
-1 4914
-1 4914
1109 550
+7 55
-1 55
+1 55
+1 110
+1 110
-6 55
+9 220
-11 55
+1 55
+1 55
+9 220

fn=(674)
732 200
+6 393
-1 240
+20 120
-9 44
+6 110
-12 66
+7 44
+3 44
cfn=(696)
calls=22 1021 
* 6497
* 44
-2 44

fn=(692)
875 160
+3 20
-3 120
+6 58
+1 36
469 54
882 230
469 886
-2 1082
+3 1082
+1 541
-1 1623
-1 1623
+1 12226
+1 6113
-1 18339
-1 18339
886 2705
+35 570
-2 190
+2 190
cfn=(668)
calls=190 +28 
* 295391
* 380
+2 484
cfn=(694)
calls=121 542 
* 1637
+3 484
cfn=(670)
calls=121 476 
* 3247
+79 121
+2 242
+7 538
+2 538
-2 538
+2 538
cob=(2)
cfi=(51)
cfn=(684)
calls=538 0 
* 49238
-9 1076
+2 1144
+1 2860
+1 68
cfn=(696)
calls=34 +10 
* 10285
+5 68
cob=(2)
cfi=(51)
cfn=(684)
calls=34 0 
* 3132
-9 68
+11 121
+1 121
881 242
+66 160
-59 862
+13 560
cob=(2)
cfi=(51)
cfn=(658)
calls=112 0 
* 2592
* 224
+11 81
+1 81
+1 188
-23 2160
cob=(2)
cfi=(51)
cfn=(658)
calls=432 0 
* 9968
* 864
+2 960
+28 222
-2 74
+2 74
cfn=(668)
calls=74 +28 
* 107305
* 148
+15 66
-17 66
+17 132
+1 132
-34 124
+41 277
-63 840
+1 816
469 1224
933 154
-14 77
+14 77
cfn=(672)
calls=77 1103 
* 17033
* 77

fn=(712)
661 60
469 18
-2 12
+3 12
+1 6
-1 18
-1 18
+1 220
+1 110
-1 330
-1 330
666 18
+63 6
-63 22
+8 3
-8 6
+9 6
-9 3
cob=(2)
cfi=(51)
cfn=(658)
calls=3 0 
* 69
467 6
676 4
+4 3
cob=(2)
cfi=(51)
cfn=(658)
calls=1 0 
* 23
* 2
-5 12
+13 2
+3 2
+38 1
-38 1
cob=(2)
cfi=(51)
cfn=(658)
calls=1 0 
* 23
* 2
+39 54
-64 6
cob=(2)
cfi=(51)
cfn=(658)
calls=2 0 
* 46
* 4
+8 1
+1 2
+23 2
+1 3
-11 1
+10 3
-10 1
+10 6
+4 6
+3 6
+1 3
+3 3
+18 3
-5 6
cob=(2)
cfi=(51)
cfn=(684)
calls=3 0 
* 294
-13 1
+18 1
-5 2
cob=(2)
cfi=(51)
cfn=(684)
calls=1 0 
* 91
+1 8
cob=(2)
cfi=(51)
cfn=(684)
calls=4 0 
* 385
+1 8
cob=(2)
cfi=(51)
cfn=(684)
calls=4 0 
* 364
+1 8
cob=(2)
cfi=(51)
cfn=(684)
calls=4 0 
* 385
+2 4
-24 2

fl=(150) ???
fn=(508) (below main)
0 12
cob=(3)
cfi=(151) ./csu/../csu/libc-start.c
cfn=(510) __libc_start_main@@GLIBC_2.34
calls=1 242 
0 1828829

fn=(748) 0x0000000000001d20
0 5

fn=(520) 0x0000000000001dd0
0 12

fn=(732) 0x0000000000001d90
0 9
cob=(2)
cfi=(51)
cfn=(738)
calls=1 0 
0 74
0 1
cfn=(748)
calls=1 0 
0 5
0 3

ob=(4)
fl=(145)
fn=(490)
0 5

fn=(482)
0 12

fn=(760)
0 11
cob=(2)
cfi=(51)
cfn=(766)
calls=1 0 
0 74
0 10
cfn=(772) 0x0000000000001070
calls=1 0 
0 5
0 5

fn=(772)
0 5

ob=(1)
fl=(32) ./string/../sysdeps/x86_64/strcmp.S
fn=(90) strcmp
108 179
+33 179
+1 179
+2 179
+1 179
+21 179
+1 179
+1 155
+1 155
+1 137
+1 137
+1 137
+1 137
+21 137
+1 137
+1 137
+1 137
+1 137
+1 137
+1 137
+5 5
+1 15
+9 5
+1 5
+1 5
+1 5
+1 5
+1 5
+1 5
+1 5
-7 42
+1 42
+1 42
+1 42
+1 42
+1 42
+1 42
+1 42
+1 43
+1 26
+1 26
+1 26
+2 26
+1 26
+1 26
+1 26
+1 26
+1 26
-5 17
+1 17
+1 17
+1 17
+1 17
+1 17
+10 4
+1 4
+1 4
+2 4
+6 4
+1 4
+1 4
+1 4
+1 4
+5 4
+2 3
+1 3
+1 6
+8 3
+1 3
+3 3
+1 3
+1 3
+1 3
+1 3
+1 3
693 1
+1 1
+1 1
+1 1
+1 1
+2 1
+1 1
+1 1
+1 1
+1 1
+1 1
+1 1
+1 1
+4 1
+1 1
+1 1
+6 1
+1 1
+1 2
+4 1
+1 1
+3 1
+1 1
+1 1
+3 1
+1 1
+1 1
+6 1
+1 1
+1 1
+1 1
+1 1
+1 1
943 2
+1 2
+1 2
+1 2
+1 2
+2 2
+1 2
+1 2
+1 2
+1 2
+1 2
+1 2
+1 1
+4 1
+1 1
+1 1
+6 1
+1 1
+1 2
+4 1
+1 1
+3 1
+1 1
+1 1
+3 1
+1 1
+1 1
+6 1
+1 1
+1 1
+1 1
+1 1
+1 1
+72 6
+1 6
+1 6
+1 6
+1 6
+2 6
+1 6
+1 6
+1 6
+1 6
+1 6
+1 6
+1 2
+4 2
+1 2
+1 2
+6 2
+1 2
+1 4
+4 2
+1 2
+3 2
+1 2
+1 2
+3 2
+1 2
+1 2
+6 2
+1 2
+1 2
+1 2
+1 2
+1 2
+7 1
+1 1
+2 1
+1 1
+2 1
+1 1
+1 1
+3 1
+1 1
+1 1
+6 1
+1 1
+1 1
+1 1
+1 1
+1 1
+41 2
+1 2
+1 2
+1 2
+1 2
+2 2
+1 2
+1 2
+1 2
+1 2
+1 2
+1 2
1318 4
+1 4
+1 4
+1 4
+1 4
+2 4
+1 4
+1 4
+1 4
+1 4
+1 4
+1 4
+1 4
+4 4
+1 4
+1 4
+6 4
+1 4
+1 8
+4 4
+1 4
+3 4
+1 4
+1 4
+3 4
+1 4
+1 4
+6 4
+1 4
+1 4
+1 4
+1 4
+1 4
1693 5
+1 5
+1 5
+1 5
+1 5
+2 5
+1 5
+1 5
+1 5
+1 5
+1 5
+1 5
+1 4
+4 4
+1 4
+1 4
+6 4
+1 4
+1 8
+4 4
+1 4
+3 4
+1 4
+1 4
+3 4
+1 4
+1 4
+6 4
+1 4
+1 4
+1 4
+1 4
+1 4
+72 3
+1 3
+1 3
+1 3
+1 3
+2 3
+1 3
+1 3
+1 3
+1 3
+1 3
+1 3
+1 2
+4 2
+1 2
+1 2
+6 2
+1 2
+1 4
+4 2
+1 2
+3 2
+1 2
+1 2
+3 2
+1 2
+1 2
+6 2
+1 2
+1 2
+1 2
+1 2
+1 2
+72 2
+1 2
+1 2
+1 2
+1 2
+2 2
+1 2
+1 2
+1 2
+1 2
+1 2
+1 2
+1 2
+4 2
+1 2
+1 2
+6 2
+1 2
+1 4
+4 2
+1 2
+3 2
+1 2
+1 2
+3 2
+1 2
+1 2
+6 2
+1 2
+1 2
+1 2
+1 2
+1 2
+72 18
+1 18
+1 18
+1 18
+1 18
+2 18
+1 18
+1 18
+1 18
+1 18
+1 18
+1 18
+2 6
+4 6
+1 6
+1 6
+6 6
+1 6
+2 12
+4 6
+1 6
+3 6
+1 6
+1 6
+3 6
+1 6
+1 6
+6 6
+1 6
+1 6
+1 6
+1 6
+1 6
+74 25
+2 25
+1 25
+1 25
+1 25
-3 22
+1 22
+1 22
+1 22
+1 52
+5 26
+6 26
+1 26
+8 26
+1 26
-16 153
+6 153
+1 153
+8 153
+1 153

fl=(129) ./elf/./elf/dl-find_object.c
fn=(416) _dl_find_object_init
561 4
+3 1
+2 2
+13 1
cfn=(420) _dlfo_process_initial
calls=1 474 
* 79
+1 1
-1 1
+1 1
fi=(28) ./elf/../include/rtld-malloc.h
56 1
cfi=(27) ./elf/./elf/dl-minimal-malloc.c
cfn=(76) __minimal_malloc
calls=1 -21 
* 25
fe=(129)
580 1
fi=(28)
56 1
fe=(129)
582 2
+3 2
+5 1
+1 1
cfn=(420)
calls=1 474 
* 280
+3 3
+10 4
-37 2
cfi=(130) ./elf/./dl-find_object.h
cfn=(418) _dl_find_object_from_map
calls=1 95 
* 68
* 1
+29 2
cfn=(422) _dlfo_sort_mappings
calls=1 -60 
* 80
+3 6
+2 1

fn=(420)
474 2
+3 2
-3 2
+1 2
+3 4
+26 14
+1 6
+1 8
-1 16
+3 28
+3 24
-7 10
+25 2
+2 8
-18 18
+3 6
-1 6
cfi=(130)
cfn=(418)
calls=3 95 
* 189
+2 12

fn=(422)
536 1
+1 2
+3 4
+4 1
+1 1
-1 1
+1 2
-1 1
+1 1
-1 1
+1 6
+1 19
-1 9
+8 6
+1 4
-1 2
-13 4
+14 6
+1 4
-15 4
+17 1

fl=(144) ./elf/./elf/dl-init.c
fn=(474) _dl_init
77 12
+1 1
+1 1
+3 3
+8 2
+25 1
+1 5
+1 2
-86 4
+86 6
-86 12
+2 20
cfn=(476) call_init.part.0
calls=3 -7 
* 199
+83 12
+7 8
-92 4
+2 6
cfn=(476)
calls=1 -7 
* 61
+52 2

fn=(476)
26 32
+13 4
-13 4
+16 4
-3 8
+3 8
+5 6
+8 9
+1 6
cob=(2)
cfi=(51)
cfn=(478)
calls=1 -56 
* 26
+3 3
+1 6
+6 2
+2 2
-2 1
+3 7
+1 4
cob=(3)
cfi=(149) ./libio/./libio/vtables.c
cfn=(504) check_stdfiles_vtables
calls=1 +13 
* 12
* 4
cob=(3)
cfi=(146) ./csu/./csu/init-first.c
cfn=(496) _init_first
calls=1 -24 
* 80
-1 6
+3 24
-29 2

fl=(73) ./malloc/./malloc/scratch_buffer_set_array_size.c
fn=(240) __libc_scratch_buffer_set_array_size
30 20
+4 2
+1 4
+11 2
-1 4
+18 8

fl=(47) ./elf/../elf/dl-tls.c
fn=(148) _dl_count_modids
197 1
+2 2
+1 1
+15 2

fn=(412) _dl_add_to_slotinfo
1015 8
+6 1
+3 1
+1 1
+4 3
+34 2
+3 3
+1 3
+3 6

fn=(264) _dl_allocate_tls_storage
422 2
+13 1
-13 2
+2 1
+12 1
fi=(28)
56 1
cfi=(27)
cfn=(76)
calls=1 -21 
* 53
fe=(47)
437 3
+8 2
fi=(28)
44 1
fe=(47)
445 2
+1 1
+4 321
+19 1
-99 1
+4 1
+1 1
fi=(28)
44 1
cfi=(27)
cfn=(72) __minimal_calloc
calls=1 +34 
* 36
fe=(47)
376 2
+3 1
+6 2
+90 5

fn=(238) _dl_assign_tls_modid
131 2
+3 1
+13 1
-13 1
+52 1
+2 1
+3 1
+1 2

fn=(414) _dl_allocate_tls_init
528 10
+1 2
+4 1
+6 1
-6 1
+6 1
cfi=(24) ./elf/../sysdeps/nptl/dl-tls_init_tp.c
cfn=(84) rtld_mutex_dummy
calls=1 42 
* 3
+3 3
+12 1
-18 1
-1 1
+43 3
-19 13
+9 3
+1 2
+6 3
+1 1
+2 2
-2 1
+6 1
-4 2
+4 1
-4 2
+3 2
+4 2
+1 4
+2 2
+1 2
+17 1
-8 1
+8 1
+2 3
cfi=(29) ./string/../sysdeps/x86_64/multiarch/memmove-vec-unaligned-erms.S
cfn=(128) mempcpy
calls=1 199 
* 13
* 5
cfi=(44) ./string/../sysdeps/x86_64/multiarch/memset-vec-unaligned-erms.S
cfn=(132) memset
calls=1 125 
* 25
-49 1
+55 1
-55 4
+6 4
+55 2
cfi=(24)
cfn=(84)
calls=1 42 
* 3
+3 2
+3 9

fn=(262) _dl_determine_tlsoffset
221 8
+6 3
+3 2
+36 3
+2 1
-2 1
-2 1
-40 1
-1 1
-1 1
+46 2
+23 3
+3 1
-3 4
+2 2
-2 1
-25 1
+20 1
-20 5
+2 2
+3 1
-1 1
+5 2
-5 1
+1 1
-1 1
+3 2
+2 3
+32 3
-1 1
+1 4
+2 2
-2 2
+53 8

fn=(260) _dl_tls_static_surplus_init
97 2
+4 1
-4 2
+4 1
-4 2
+4 3
cfi=(10)
cfn=(24)
calls=1 405 
* 21
* 1
+1 4
cfi=(10)
cfn=(24)
calls=1 405 
* 21
* 1
+8 1
-8 1
+6 2
+2 3
+3 1
+2 1
-32 3
+34 3
+1 5

fl=(31) ./elf/./elf/dl-load.c
fn=(88) _dl_process_pt_gnu_property
868 3
+8 3
-8 3
+8 3
-6 3
+12 6
-13 3
+13 3
-13 3
+13 6
+3 9
+1 6
+1 6
+43 3

fn=(176) open_verify.constprop.1
1568 11
+39 3
+19 4
cfi=(55) ./io/../sysdeps/unix/sysv/linux/open64_nocancel.c
cfn=(178) __open_nocancel
calls=1 28 
* 19
* 1
+2 2
+11 1
+6 2
-5 1
+5 8
cfi=(56) ./io/../sysdeps/unix/sysv/linux/read_nocancel.c
cfn=(180) __read_nocancel
calls=1 25 
* 6
+2 2
+2 2
+2 2
+6 2
+17 11
fi=(28)
50 2
cfi=(27)
cfn=(144) __minimal_free
calls=1 +45 
* 5
fe=(31)
1856 9
1674 3
+74 2
+5 2
+2 4
+6 2
+6 1
+1 1
-1 3
+1 1
-1 1
+1 2
+1 2
+20 3
+31 1
-31 1
1633 1
1820 2
-31 66
+1 28
+1 8
+4 8
+25 12
+3 18
+3 2
-4 2
+4 4
+6 4
-36 6

fn=(184) _dl_map_object_from_fd
944 20
+10 2
-10 8
+10 2
cfi=(46) ./elf/./elf/dl-debug.c
cfn=(186) _dl_debug_update
calls=2 38 
* 14
* 2
+7 8
+85 8
+10 4
+7 14
cfi=(26) ./elf/./elf/dl-object.c
cfn=(70) _dl_new_object
calls=2 59 
* 766
* 2
+1 4
+11 4
+5 2
-5 2
+1 4
+1 2
+2 2
-2 2
+2 4
+1 6
+1 2
+19 2
-2 1
+2 12
-2 1
+2 30
+10 8
+85 2
-58 2
-34 2
-1 2
+93 2
+6 2
-64 4
+9 2
+55 4
-55 2
-42 2
+97 4
1101 2
-5 4
+15 60
+20 2
+1 1
-22 69
+1 127
1213 4
1110 2
1213 4
1110 6
1218 6
+10 4
+1 2
-1 2
+1 2
-1 6
+1 6
-1 6
+1 6
-1 18
1076 4
1235 4
+10 8
+7 4
fi=(61) ./elf/./dl-map-segments.h
96 2
fe=(31)
1252 6
fi=(61)
28 2
fe=(31)
1252 2
fi=(61)
96 2
fe=(31)
1252 2
fi=(61)
28 4
+1 16
cfi=(60) ./misc/../sysdeps/unix/sysv/linux/mmap64.c
cfn=(194) mmap
calls=2 +18 
* 18
+74 4
-1 2
-73 2
+74 2
+3 4
+1 2
+2 2
-3 2
+1 2
+2 2
+7 8
+3 4
cfi=(72) ./misc/../sysdeps/unix/syscall-template.S
cfn=(236) mprotect
calls=1 -2 
* 6
* 3
+7 2
+2 2
fi=(62) ./elf/./dl-load.h
-37 16
+1 6
+2 16
fi=(61)
+56 32
+8 2
-2 2
+1 2
+2 2
-1 2
+1 2
-1 6
+8 4
+3 4
+8 14
cfi=(44)
cfn=(132)
calls=2 -52 
* 237
+1 4
+5 4
+12 8
-59 40
+2 12
+3 6
-3 12
+2 48
cfi=(60)
cfn=(194)
calls=6 -93 
* 54
* 18
fi=(57) ./elf/../sysdeps/posix/dl-fileid.h
37 6
cfi=(58) ./io/../sysdeps/unix/sysv/linux/fstat64.c
cfn=(190) fstat
calls=2 -8 
* 30
* 4
fe=(31)
999 4
fi=(57)
40 6
fe=(31)
999 2
fi=(57)
40 2
fe=(31)
999 23
+1 10
fi=(57)
49 12
fe=(31)
1515 18
1018 4
+66 13
+1 2
-1 1
+1 1
-1 1
+1 1
cfi=(71) ./io/../sysdeps/unix/sysv/linux/pread64_nocancel.c
cfn=(232) __pread64_nocancel
calls=1 25 
* 7
* 2
+26 26
+26 48
+10 8
-1 8
-1 8
+2 8
+2 8
-2 8
-1 48
+2 16
+1 8
+2 8
-3 8
+3 48
+2 16
+4 16
+1 30
+4 6
+1 6
-1 6
+1 42
-18 6
+28 6
-11 2
+1 2
-1 2
+1 14
-18 2
+28 2
-56 4
+7 2
+2 2
-2 2
+1 2
+1 2
-1 4
+1 16
+50 3
+5 1
-1 2
+5 1
-5 2
-56 1
+61 4
+1 1
+3 1
-3 1
+8 4
+15 4
+1 2
+58 8
+1 6
fi=(63) ./elf/./elf/get-dynamic-info.h
39 4
+6 2
-2 2
+2 4
+9 2
+5 2
+3 2
+2 2
-3 2
-3 2
-3 28
+13 8
-23 32
+23 29
-23 116
+4 74
+5 40
+2 10
+3 8
+13 8
+10 7
+1 8
+1 8
+1 8
+2 8
+5 7
+1 7
+1 8
+3 6
+5 2
+7 4
+1 6
+22 6
+5 2
+2 2
+2 2
+2 2
+4 6
+2 3
+1 2
+9 2
+6 2
+4 4
fe=(31)
1275 4
+1 4
+2 4
+10 6
+19 6
+2 10
+52 6
+1 2
+6 16
+1 42
+6 8
cfn=(88)
calls=2 868 
* 40
-7 54
+1 25
+6 25
-6 50
fi=(30) ./elf/../sysdeps/x86/dl-prop.h
95 16
213 2
-1 4
105 4
212 2
105 2
-2 2
-3 2
+2 2
+3 2
-4 4
+92 8
-1 2
-87 6
+3 6
+1 4
+1 4
+4 6
+4 6
+3 6
+1 4
+4 2
+1 8
+58 6
+2 8
-56 6
+1 3
+3 6
+3 3
+1 12
+5 6
+2 6
+5 6
+14 3
-1 6
+2 2
-1 4
fe=(31)
1380 4
cfi=(64) ./io/../sysdeps/unix/sysv/linux/close_nocancel.c
cfn=(204) __GI___close_nocancel
calls=2 25 
* 12
* 4
+13 4
+2 8
+2 4
+16 4
cfi=(8) ./elf/./elf/dl-setup_hash.c
cfn=(14) _dl_setup_hash
calls=2 25 
* 58
+4 4
+1 4
+17 4
+1 1
+3 1
+5 1
-5 1
+5 1
-5 1
+5 1
-5 1
+5 1
+10 4
+7 12
+10 4
+1 4
+5 2
cfi=(47)
cfn=(238)
calls=1 131 
* 10
+7 6
cfi=(26)
cfn=(82) _dl_add_to_namespace_list
calls=2 31 
* 94
+3 8
+23 14
+1 6
cfi=(49)
cfn=(206) _dl_audit_objopen
calls=2 76 
* 10
* 2
fi=(62)
95 5
+2 1
-1 2
+1 1
-1 1
+1 1
-1 1
+1 1
-1 2
+3 4
fe=(31)
1506 10
fi=(30)
198 8
+2 2
+1 2
+2 2
-3 6
fe=(31)
1368 6
fi=(63)
62 8
+2 8
fe=(31)
1084 2
fi=(61)
187 8
cfi=(60)
cfn=(194)
calls=1 47 
* 9
+3 2
fe=(31)
1462 6
+2 1
-1 5
+1 1
-1 1
+1 1
-1 1
cfi=(32)
cfn=(90)
calls=1 108 
* 25
* 2
+2 5
1275 2
fi=(57)
49 3
fi=(30)
170 3
-39 2
fe=(31)

fn=(106) _dl_init_paths
706 11
+14 1
-14 2
+14 2
cfi=(38) ./elf/./elf/dl-hwcaps.c
cfn=(108) _dl_important_hwcaps
calls=1 175 
* 1847
fi=(28)
56 1
fe=(31)
720 1
fi=(28)
56 1
cfi=(27)
cfn=(76)
calls=1 -21 
* 25
fe=(31)
725 1
+2 2
+7 2
+1 2
-1 3
+5 3
fi=(28)
56 1
cfi=(27)
cfn=(76)
calls=1 -21 
* 25
fe=(31)
739 1
+2 4
+17 1
-10 1
+19 1
-11 1
-9 1
+9 1
+12 2
-10 1
+3 2
+9 1
-7 1
+4 1
+3 2
-3 1
-8 1
+3 1
+8 1
-3 1
+1 16
cfi=(44)
cfn=(132)
calls=4 125 
* 72
+2 18
-14 3
+10 3
+4 3
-12 3
-2 3
+2 3
+4 3
-3 3
+3 3
+1 3
-2 3
+5 6
+1 3
-4 3
+4 3
+15 1
+3 1
-15 1
+7 1
-1 1
+9 2
+2 4
+2 3
+36 5
+2 2
cfi=(22) ./string/../sysdeps/x86_64/multiarch/strlen-vec.S
cfn=(60) strlen
calls=1 41 
* 17
* 9
-19 1
-2 1
+2 2
+19 9
cfi=(29)
cfn=(80) memcpy
calls=1 212 
* 11
* 1
+5 4
-1 2
+2 1
+1 2
-2 4
+1 13
+1 26
-2 52
+5 1
fi=(28)
56 1
cfi=(27)
cfn=(76)
calls=1 -21 
* 25
fe=(31)
836 1
fi=(28)
56 1
fe=(31)
838 2
+6 6
cfn=(134) fillin_rpath.isra.0
calls=1 468 
* 587
+3 3
+6 1
+4 8
-35 2
+5 2

fn=(216) open_path
1870 8
+1 1
-1 6
+1 1
+6 2
+5 16
-7 2
+7 1
-8 1
+8 2
+3 2
+9 6
+7 3
+1 1
-1 1
cfi=(29)
cfn=(128)
calls=1 199 
* 13
-12 1
+12 1
+59 5
-58 4
+3 20
+5 80
cfi=(29)
cfn=(128)
calls=10 199 
* 134
* 40
cfi=(29)
cfn=(128)
calls=10 199 
* 130
+3 20
+6 30
+3 60
cfn=(218) open_verify.constprop.0
calls=10 1568 
* 540
* 10
+2 30
+2 20
+65 8
+7 2
-2 2
+2 2
+3 3
-13 1
+27 9
1902 58
+29 20
+1 70
+6 20
+2 10
-2 10
+2 20
cfi=(67) ./io/../sysdeps/unix/sysv/linux/stat64.c
cfn=(220) stat
calls=10 28 
* 158
* 10
+3 10
-3 20
+1 1
+2 2
-2 1
+2 26
-61 2

fn=(218)
1568 121
+39 33
+19 44
cfi=(55)
cfn=(178)
calls=11 28 
* 239
* 11
+2 22
+11 1
+6 2
-5 1
+5 8
cfi=(56)
cfn=(180)
calls=1 25 
* 6
+2 2
+2 2
+2 2
+6 2
+17 11
fi=(28)
50 2
cfi=(27)
cfn=(144)
calls=1 +45 
* 5
fe=(31)
1856 99
1674 3
+74 2
+5 2
+2 4
+6 2
+6 1
+1 1
-1 3
+1 1
-1 1
+1 2
+21 3
+31 1
-31 1
1633 1
1820 2
-31 48
+1 24
+1 8
+4 8
+6 4
+1 28
+10 12
cfi=(71)
cfn=(232)
calls=2 25 
* 14
* 16
+8 18
+15 2
+6 1
-3 1
+1 1
+1 1
+1 2
-3 1
+1 1
+1 1
+2 1
-3 3
-1 1
+4 2
-19 18
+3 2
-4 2
+4 4
+5 1
+1 4
-60 13
+1 3
-1 1
+1 3
cfi=(71)
cfn=(232)
calls=1 25 
* 7
* 3
+16 5
1612 20
+62 3
1802 4
-30 2

fn=(212) _dl_dst_count
238 4
+3 2
-3 4
+7 2
-7 4
+3 2
cfi=(42) ./string/../sysdeps/x86_64/multiarch/../strchr.S
cfn=(118) index
calls=2 23 
* 72
+3 4
+20 14

fn=(172) _dl_map_object
2022 30
+8 6
+1 12
+3 42
+5 49
+2 21
cfi=(54) ./elf/./elf/dl-misc.c
cfn=(174) _dl_name_match_p
calls=7 68 
* 838
* 14
+4 12
+1 18
+4 2
-1 10
+1 2
+1 2
-1 2
+1 2
cfi=(32)
cfn=(90)
calls=2 108 
* 114
* 4
2329 27
2068 2
+1 2
-1 2
+1 2
-1 2
+1 2
-1 4
-44 2
+53 6
+17 4
-2 2
+2 2
cfi=(42)
cfn=(118)
calls=2 23 
* 48
* 4
2260 2
-1 3
cfn=(138) expand_dynamic_string_token
calls=1 385 
* 168
+2 1
-3 1
+1 1
+2 2
+4 5
cfn=(176)
calls=1 1568 
* 283
+3 2
-3 1
+3 1
+12 4
+46 1
+1 3
-1 1
+1 9
cfn=(184)
calls=1 944 
* 1819
-1 1
+1 3
-1 1
+1 9
cfn=(184)
calls=1 944 
* 2221
* 6
2098 2
cfi=(22)
cfn=(60)
calls=1 41 
* 17
* 2
+2 2
+7 4
+51 11
cfn=(216)
calls=1 1870 
* 1656
+6 1
-6 1
+6 4
682 1
2165 1
682 2
2252 2
+28 4
+2 4
2111 1
696 3
2111 1
+1 1
696 2
2116 3
682 1
2117 1
682 2
2173 1
+14 2
+2 3
+4 2
cfi=(68) ./elf/./elf/dl-cache.c
cfn=(222) _dl_load_cache_lookup
calls=1 416 
* 1281
* 1
+2 2
+4 2
+8 3
+23 6
cfn=(218)
calls=1 1568 
* 396
+4 2
-4 1
+4 1
+1 2
2131 5
+1 10
682 1
2133 1
682 2
2157 3
+1 2
-16 2

fn=(138)
385 14
241 2
385 2
241 2
385 2
241 2
cfi=(42)
cfn=(118)
calls=2 23 
* 72
+3 4
410 2
-11 2
+11 12
-11 2
cfi=(45) ./string/./string/strdup.c
cfn=(140) strdup
calls=2 40 
* 168

fn=(134)
468 7
+4 1
-4 8
+6 3
cfi=(7) ./elf/./elf/dl-minimal.c
cfn=(136) strsep
calls=1 239 
* 240
* 3
cfi=(7)
cfn=(136)
calls=1 239 
* 8
* 6
+7 2
+2 3
cfn=(138)
calls=1 -98 
* 118
* 1
+4 2
+5 2
cfi=(22)
cfn=(60)
calls=1 41 
* 17
* 1
+1 2
+7 5
+9 15
+1 8
+55 2
fi=(28)
50 2
cfi=(27)
cfn=(144)
calls=1 +45 
* 5
+1 1
fe=(31)
528 2
+4 3
fi=(28)
56 1
cfi=(27)
cfn=(76)
calls=1 -21 
* 25
* 1
fe=(31)
534 2
+5 1
+1 2
-1 1
-1 1
+2 1
cfi=(29)
cfn=(128)
calls=1 199 
* 13
+3 1
-3 1
+1 1
+2 1
+6 1
+1 1
-1 3
+1 11
+1 1
-1 1
+1 2
-1 2
+1 1
-1 1
+1 2
-1 6
+1 1
-1 1
+1 1
-1 3
+1 1
-1 2
+3 1
+1 1
-1 1
+1 2
+1 1
+6 2
+1 2
-57 4
+66 1
+3 8
-46 4

fl=(43) ./string/../sysdeps/x86_64/memcmp.S
fn=(124) bcmp
22 1
+5 1
+1 1
+1 1
+1 1
+1 1
+1 1
+1 1
+1 1
+3 1
+1 1
+1 1
+1 1
+1 1
+1 1
+1 1
+1 1
+1 1
+2 1
+1 1
+17 1
+1 1
+17 1
+1 1
+1 1
+1 1
+1 1
+4 1
+47 1
+1 1
+1 1
+1 1
+1 1
+1 1
+1 1
+1 1
+1 1
+1 1
+1 1
+1 1
+1 1

fl=(53) ./setjmp/../sysdeps/x86_64/setjmp.S
fn=(168) __sigsetjmp
30 3
+2 3
+9 3
+1 6
+1 3
+4 3
+1 3
+1 3
+1 3
+1 3
+2 6
+2 3
+1 3
+1 3
+2 6
+2 3
+8 3
+3 3
+1 3
+7 3
+1 3

fl=(9) ./elf/../elf/dl-sysdep.c
fn=(16) _dl_sysdep_start
85 4
+25 1
-25 6
+25 1
-1 1
+1 126
+11 1
-8 1
+1 1
-4 1
+3 1
+6 1
+2 13
-34 1
-1 1
+36 113
+3 1
+1 1
-5 85
+57 1
-57 1
+58 1
-1 1
-57 3
+29 1
-29 1
+30 1
-1 1
-29 3
+41 1
-41 1
+42 1
-1 1
-41 3
+35 1
-35 1
+36 1
-1 1
-35 3
+32 1
-32 1
+33 1
-1 1
-32 4
+13 1
-13 1
+14 1
-1 1
-13 3
+10 1
-10 1
+11 1
-1 1
-10 3
+7 1
-7 4
224 1
cfi=(10)
cfn=(18) __GI___tunables_init
calls=1 +58 
* 19712
+3 1
cfi=(12) ./elf/./elf/dl-sort-maps.c
cfn=(22) _dl_sort_maps_init
calls=1 +54 
* 32
fi=(13) ./elf/../sysdeps/unix/sysv/linux/dl-sysdep.c
36 2
cfi=(14) ./elf/../sysdeps/unix/sysv/linux/brk.c
cfn=(28) brk
calls=1 -1 
* 8
fi=(6) ./elf/../sysdeps/x86_64/dl-machine.h
215 1
cfi=(15) ./elf/../sysdeps/x86/dl-get-cpu-features.c
cfn=(32) _dl_x86_init_cpu_features
calls=1 37 
* 7224
fe=(9)
+23 3
+1 1
cfi=(22)
cfn=(60)
calls=1 41 
* 17
* 1
+2 2
cfi=(23) ./elf/../misc/sbrk.c
cfn=(62) sbrk
calls=1 37 
* 15
* 3
+12 3
+3 5
cfi=(2) ./elf/./elf/rtld.c
cfn=(64) dl_main
calls=1 1320 
* 111267
+2 9

fn=(464) _dl_sysdep_start_cleanup
262 1
+1 1

fl=(130)
fn=(418)
95 8
+1 8
+1 4
+6 20
+1 119
+1 82
+2 12
+5 4

fl=(41) ./elf/./elf/dl-hwcaps_split.c
fn=(116) _dl_hwcaps_split_masked
51 55
-25 42
+4 24
+4 48
+1 12
-1 24
+2 24
+5 27
cfi=(42)
cfn=(118)
calls=9 -18 
* 216
+1 18
+3 6
+11 12
+1 12
+1 6
-1 6
+1 6
-2 6
+1 6
+1 3
-1 3
+1 27
cfn=(120) _dl_hwcaps_contains
calls=6 +8 
* 30
* 12
-3 5
+7 44
-19 6
cfi=(22)
cfn=(60)
calls=3 -2 
* 51
* 3

fn=(122) _dl_hwcaps_split
25 4
+1 3
+21 1
-20 1
+20 3

fn=(120)
66 6
+1 12
+1 6
+9 6

fl=(55)
fn=(178)
28 13
+3 13
-3 39
+3 78
+8 91
+2 3
-2 30
+2 10

fl=(13)
fn=(100) _dl_discover_osversion
46 5
+2 3
+40 2
cfi=(36) ./posix/../sysdeps/unix/syscall-template.S
cfn=(102) uname
calls=1 +32 
* 6
+15 1
-15 2
+20 1
-1 1
+3 12
+4 3
-2 6
+2 11
+3 2
-1 2
+1 6
-3 8
+3 1
-1 1
+1 3
-3 4
+7 3
-1 3
+4 3
-2 3
+2 12
+9 5

fl=(25) ./elf/./elf/dl-environ.c
fn=(68) _dl_next_ld_env_entry
28 3
+1 3
+3 47
+13 37
-13 74
+2 78
+1 18
+5 2
-3 2
+3 2
+2 2
+7 1

fl=(19) ./elf/../sysdeps/x86/dl-cacheinfo.h
fn=(46) handle_intel.constprop.0
255 24
-5 24
+16 12
-16 72
+13 12
+1 36
-3 24
+11 60
+5 24
+2 12
+1 12
-1 12
+5 48
cfn=(48) intel_check_word.constprop.0
calls=12 123 
* 3876
+2 24
+3 60
cfn=(48)
calls=12 123 
* 1156
+2 24
+3 5
cfn=(48)
calls=1 123 
* 20
+2 2
+3 5
cfn=(48)
calls=1 123 
* 255
+2 2
-35 3
+39 3
+5 96

fn=(48)
123 78
-4 78
+10 104
-10 26
+10 52
+2 52
+71 200
-71 102
+2 63
+2 126
+8 126
+51 102
+22 51
fi=(20) ./elf/../bits/stdlib-bsearch.h
28 51
-1 102
+4 102
+1 51
fe=(19)
+78 102
fi=(20)
-79 76
+1 38
fe=(19)
+78 76
+3 345
fi=(20)
-84 820
+2 512
+1 256
fe=(19)
+78 512
+15 15
246 104
fi=(20)
37 63
-8 151
fe=(19)
155 36
+3 36
-6 54
+3 14
+9 14
+23 19
-32 57
+3 57
+4 50
+2 100
+2 50
+2 36
+4 11
+2 22
+6 14
+3 8
+1 12
-8 4
+2 4
-1 4
-1 4
+2 8
-2 4
+3 12
-2 12
+2 8
-10 24
+1 10
+11 12
-26 4
+9 4
+23 2
-32 6
+3 6
+4 8
+2 16
+2 8
-11 3
+7 6
+2 12

fn=(52) get_common_cache_info.constprop.0
481 1
+17 1
-17 4
+16 1
-16 1
+15 1
-15 3
+18 1
-1 1
+9 2
+3 3
+11 1
-11 1
-5 1
+21 3
+4 2
681 4
+1 5
+4 2
+9 2
-2 1
+2 2
-1 1
+1 3
535 6
+3 8
+7 2
-7 9
+7 6
+3 26
+14 2
+4 1
+3 1
+1 1
-4 2
+3 3
+6 2
-37 6
+15 2
+4 1
+1 1
-1 2
+18 2
-68 6
+74 4
+8 7
+2 2
+4 3
+2 1
+2 5
-4 1
+16 1
-16 3
+21 2
-21 4
+3 1
+1 4
-4 1
+6 4
+3 2
+5 1
+2 2
+1 1
+1 1
-2 2
+1 1
-19 5
+46 2
+1 1
+1 2
+2 2
-1 3
-23 2
+7 1
+2 2
-16 1
+22 1
-6 2
+1 1
+5 1

fl=(39) ./elf/../sysdeps/x86_64/dl-hwcaps-subdirs.c
fn=(110) _dl_hwcaps_subdirs_active
29 1
fi=(18) ./elf/../sysdeps/x86/get-isa-level.h
+2 1
fe=(39)
+7 1
fi=(18)
-7 2
-1 2
fe=(39)
+22 1
fi=(18)
-20 3
+4 1
fe=(39)
+2 1
fi=(18)
-2 2
+3 4
+1 4
+5 1
fe=(39)
-7 1
fi=(18)
+7 3
fe=(39)
-2 1
fi=(18)
+5 2
+1 3
+2 4
+1 2
+1 2
+6 1
fe=(39)
-11 1
fi=(18)
+11 1
-3 2
fe=(39)

fl=(59) ./io/../sysdeps/unix/sysv/linux/fstatat64.c
fn=(192) fstatat
153 26
-55 26
+70 30
+1 4
-2 18
+1 18

fl=(50) ./string/../sysdeps/x86_64/strcspn.S
fn=(158) strcspn
25 1
+2 1
+7 1
+1 1
+2 1
+1 1
+1 1
+1 1
+1 33
+3 3
+7 1
+1 1
+1 1
+1 1
+2 1
+1 1
+1 1
+1 1
+2 1
+1 1
+1 1
+9 3
+12 1
+2 1
+1 1
+1 1
-4 12
+2 12
+1 12
+1 12
+2 13
+1 13
+1 13
+2 13
+1 13
+1 13
+2 13
+1 13
+1 13
+2 1
+1 1
+1 1
+2 1
+7 1
+4 1

fl=(71)
fn=(232)
25 8
+1 16
+1 4

fl=(46)
fn=(152) _dl_debug_state
116 2
+1 2

fn=(146) _dl_debug_initialize
56 1
+3 2
+4 1
-6 1
+4 1
+2 2
+22 2
+5 2
+1 1
+1 1
-1 1
-1 1
+5 2
+4 2
+8 2
-43 2
+32 6

fn=(186)
38 3
+3 3
-1 6
+4 6
+4 3

fl=(66) ./elf/./elf/dl-deps.c
fn=(210) _dl_map_object_deps
159 5
+1 3
-1 1
+1 1
-1 2
+1 1
-1 3
+1 1
-1 4
+1 12
-8 1
-7 1
+15 1
-14 1
+6 1
+8 1
-15 1
+7 1
-8 1
+1 1
+7 1
-7 1
+31 3
-28 3
-2 1
+31 1
-33 2
+2 2
+30 2
-30 1
-1 4
+7 4
+24 2
-32 1
+60 1
-60 2
+36 1
fi=(74) ./elf/../include/scratch_buffer.h
77 3
fe=(66)
198 1
fi=(74)
78 1
fe=(66)
200 2
+98 1
198 1
+4 1
+7 1
+4 4
-4 3
+4 12
+11 12
-18 2
+18 4
433 12
+2 2
+3 2
-3 4
+3 2
fi=(28)
56 2
cfi=(27)
cfn=(76)
calls=2 -21 
* 50
* 2
fe=(66)
439 4
+6 2
+1 10
cfi=(29)
cfn=(80)
calls=2 212 
* 22
+1 10
cfi=(29)
cfn=(80)
calls=2 212 
* 22
+4 2
-1 2
+5 16
204 9
458 9
-1 4
+1 8
199 3
+27 10
+5 2
+6 2
-5 2
-1 2
+2 4
+4 8
-31 2
+31 2
+1 6
+6 8
cfi=(31)
cfn=(212)
calls=2 -6 
* 108
* 6
+4 4
-2 2
+2 4
cob=(2)
cfi=(51)
cfn=(164)
calls=2 0 
* 6774
+1 4
+9 2
+2 4
+5 10
+6 2
+2 2
-8 4
+3 2
+1 2
+1 2
+1 2
+4 10
+4 6
+1 3
-43 200
+1 96
+44 144
-38 4
fi=(74)
85 3
fe=(66)
464 6
+1 1
+3 4
+11 3
fi=(28)
56 1
cfi=(27)
cfn=(76)
calls=1 -21 
* 25
* 1
fe=(66)
481 2
+5 3
+1 1
-1 2
+4 2
-2 1
+2 1
-2 2
+13 3
+5 3
-16 9
-2 3
+6 3
+7 3
-2 6
-5 1
+7 1
-2 2
+2 2
+5 1
-16 6
+19 2
+52 3
+37 3
+15 1
-11 1
+11 1
-14 2
+20 1
-1 3
+1 3
-1 5
cfi=(12)
cfn=(246) _dl_sort_maps
calls=1 290 
* 260
+5 1
+3 1
-1 1
+2 2
+7 3
+3 3
+3 8
214 25
+3 2
fi=(74)
-86 6
cfi=(73)
cfn=(240)
calls=2 30 
* 40
fe=(66)
+86 4
+4 6
613 2
cfi=(29)
cfn=(80)
calls=1 212 
* 11
* 1
-53 2
160 2
380 6

fn=(214) openaux
61 6
+7 2
-4 4
+1 2
-1 16
cfi=(31)
cfn=(172)
calls=2 2022 
* 6616
* 2
+5 4

fl=(8)
fn=(14)
25 4
+3 4
-3 4
+3 8
+3 12
+1 8
+2 4
-1 4
+3 12
+1 4
+4 4
-3 4
+7 4
-4 4
-3 4
+2 8
+5 4
-5 4
-2 4
+7 4
-5 4
+10 4

fl=(16) ./elf/../sysdeps/x86/cpu-features.c
fn=(40) update_active.constprop.0
43 7
+45 1
-41 1
+28 1
-18 1
+31 1
+4 1
-36 1
-1 1
+37 1
-26 1
-11 1
+1 1
+36 2
+1 1
-17 1
-21 1
+25 1
-4 1
-11 1
+28 1
-1 1
-36 1
+18 1
+19 1
-13 1
-4 1
-11 1
+19 1
+11 1
-3 1
-12 1
+14 1
-29 1
+18 1
+9 1
-18 1
+13 1
-13 1
-9 1
+29 2
+3 1
-14 1
-9 1
+9 1
+4 1
+10 1
-17 1
+7 1
+5 1
+5 1
+1 1
-1 1
+1 2
+2 2
+1 4
+3 1
+1 1
-1 1
+1 1
-1 1
+1 1
-1 1
+1 1
+4 2
+4 2
+2 4
+83 3
+12 2
+1 1
+3 3
+4 1
-4 1
+4 1
+67 3
+4 3
fi=(18)
31 1
-3 1
+3 1
-1 2
fe=(16)
296 1
+1 8
-75 3
+1 2
+3 1
-1 1
+9 1
-5 1
+2 1
-2 1
+5 1
fi=(18)
32 3
+4 3
fe=(16)
+83 2
+2 1
+3 2
+10 1
+10 1
-10 1
+10 1
-10 1
+6 1
+4 1
-4 1
-6 1
+6 1
+2 1
-2 1
+2 3
+7 4
fi=(18)
39 3
+1 4
+5 1
-7 1
+7 3
+2 1
+1 2
+1 3
+2 4
+1 2
+1 2
+6 1
-4 1
+4 1
-3 2
fe=(16)
+75 1
-5 2
+4 1

fn=(34) init_cpu_features.constprop.0
399 1
+16 1
-16 6
+3 1
+1 1
+1 1
+11 2
+3 6
593 1
+94 5
+1 1
+3 2
+1 1
+6 1
+3 1
fi=(19)
+5 1
+2 1
fe=(16)
-9 1
fi=(19)
+23 2
840 1
+46 1
-46 17
+45 2
+25 2
+21 2
-21 2
+13 3
+8 1
-8 1
+8 1
cfi=(10)
cfn=(24)
calls=1 405 
* 21
* 1
+2 2
+3 4
cfi=(10)
cfn=(24)
calls=1 405 
* 21
* 1
+2 1
+3 2
-3 2
+3 1
-3 1
+3 1
cfi=(10)
cfn=(24)
calls=1 405 
* 21
* 1
+1 5
+16 2
-12 5
cfi=(10)
cfn=(24)
calls=1 405 
* 21
* 1
+1 3
+23 1
-17 5
+3 3
-3 1
cfi=(10)
cfn=(24)
calls=1 405 
* 21
+3 3
-3 2
+3 9
cfi=(10)
cfn=(54) __GI___tunable_set_val
calls=1 157 
* 58
+1 9
cfi=(10)
cfn=(54)
calls=1 157 
* 58
+1 10
cfi=(10)
cfn=(54)
calls=1 157 
* 58
+3 8
cfi=(10)
cfn=(54)
calls=1 157 
* 58
+2 8
cfi=(10)
cfn=(54)
calls=1 157 
* 58
+4 1
fe=(16)
706 1
fi=(19)
967 2
fe=(16)
706 2
fi=(19)
967 4
fe=(16)
706 1
cfi=(10)
cfn=(24)
calls=1 405 
* 19
+4 3
+14 1
-1 2
+1 3
+47 1
-1 1
+1 1
+46 4
cfi=(10)
cfn=(24)
calls=1 405 
* 19
+2 4
cfi=(10)
cfn=(24)
calls=1 405 
* 19
fi=(21) ./elf/../sysdeps/unix/sysv/linux/x86/cpu-features.c
27 6
fe=(16)
829 2
+45 8
fi=(19)
+19 11
fe=(16)
775 3
+27 2
-10 2
+1 2
+2 3
+1 2
+2 3
+1 2
fi=(19)
-75 3
cfn=(46)
calls=1 255 
* 437
+1 1
-1 2
+1 1
cfn=(46)
calls=1 255 
* 478
+1 1
-1 1
+1 1
cfn=(46)
calls=1 255 
* 503
+3 1
-3 2
+3 1
cfn=(46)
calls=1 255 
* 459
+2 1
-2 1
+2 1
cfn=(46)
calls=1 255 
* 451
+3 1
-2 1
-1 1
+3 1
cfn=(46)
calls=1 255 
* 428
+2 1
-2 1
+2 1
cfn=(46)
calls=1 255 
* 429
+3 1
-2 1
-1 1
+3 1
cfn=(46)
calls=1 255 
* 469
+2 1
-2 1
+2 1
cfn=(46)
calls=1 255 
* 470
+3 1
-3 1
+3 1
cfn=(46)
calls=1 255 
* 494
+2 1
-2 1
+2 1
cfn=(46)
calls=1 255 
* 495
+2 1
-2 1
+2 1
cfn=(46)
calls=1 255 
* 790
+2 3
-2 1
+2 1
cfn=(52)
calls=1 481 
* 215
863 15
fe=(16)
424 6
cfn=(36) get_common_indices.constprop.0
calls=1 -99 
* 71
303 3
+1 2
+1 6
+5 2
+1 6
+5 2
+1 6
429 1
cfn=(40)
calls=1 43 
* 194
+2 1
+2 1
+83 1
-85 2
564 2
+7 2
+2 1
+4 2
+6 2
422 2
-3 1
+14 3
+1 4
+69 1
+10 11
+42 1
+1 1
434 11
+55 3

fn=(36)
325 1
+4 4
+3 3
+5 2
-5 1
+5 1
-5 1
+4 1
+1 1
+1 4
+1 4
+1 3
+1 2
+7 2
+2 5
+5 1
-5 1
+5 1
-5 1
+5 1
-5 2
+5 1
+7 1
-7 4
+7 1
+1 3
+6 1
-6 4
+6 1
fi=(17) ./elf/../sysdeps/unix/sysv/linux/x86/dl-minsigstacksize.h
24 2
+3 2
+1 2
+37 3
+7 1
+2 1
fe=(16)
384 2

fl=(14)
fn=(28)
35 1
+1 3
+1 2
+6 1
+1 1

fl=(78) ./elf/./elf/dl-reloc.c
fn=(272) _dl_relocate_object
194 8
+14 4
-14 36
+16 4
-16 8
+14 4
+2 8
+3 4
-1 4
+1 8
+19 8
+6 20
-34 6
+38 6
+7 12
fi=(6)
71 10
+6 4
+4 3
+14 1
-8 1
+8 2
+20 2
+4 5
-2 2
fe=(78)
288 160
-83 1
fi=(6)
474 4
fe=(78)
205 2
+83 2
fi=(5) ./elf/./elf/do-rel.h
49 1
fe=(78)
288 1
fi=(5)
60 1
-11 2
+11 2
fe=(78)
288 3
-83 3
fi=(6)
474 12
fe=(78)
205 6
+83 6
fi=(5)
49 3
fe=(78)
288 3
fi=(5)
60 3
-11 6
+11 6
fe=(78)
288 8
fi=(5)
49 4
fe=(78)
288 4
fi=(5)
60 4
-11 8
+11 8
-7 1
-1 1
+11 8
fi=(6)
545 28
+4 28
+3 42
+1 14
fi=(5)
63 42
+2 216
+2 120
-4 120
+13 6
+1 8
+1 80
fi=(6)
545 40
+34 80
+2 40
cob=(3)
cfi=(128) ./string/../sysdeps/x86_64/multiarch/rawmemchr.c
cfn=(408) rawmemchr
calls=1 31 
* 23
cob=(3)
cfi=(127) ./string/../sysdeps/x86_64/multiarch/strncase.c
cfn=(406) strncasecmp
calls=1 31 
* 7
cob=(3)
cfi=(126) ./string/../sysdeps/x86_64/multiarch/mempcpy.c
cfn=(402) mempcpy
calls=1 33 
* 22
cob=(3)
cfi=(125) ./string/../sysdeps/x86_64/multiarch/strspn.c
cfn=(400) strspn
calls=1 29 
* 7
cob=(3)
cfi=(123) ./string/../sysdeps/x86_64/multiarch/memchr.c
cfn=(396) memchr
calls=1 29 
* 23
cob=(3)
cfi=(122) ./string/../sysdeps/x86_64/multiarch/stpcpy.c
cfn=(392) stpcpy
calls=1 33 
* 17
cob=(3)
cfi=(120) ./wcsmbs/../sysdeps/x86_64/multiarch/wmemcmp.c
cfn=(388) wmemcmp
calls=1 29 
* 22
cob=(3)
cfi=(119) ./string/../sysdeps/x86_64/multiarch/strncpy.c
cfn=(384) strncpy
calls=1 29 
* 17
cob=(3)
cfi=(118) ./string/../sysdeps/x86_64/multiarch/strlen.c
cfn=(380) strlen
calls=1 29 
* 21
cob=(3)
cfi=(117) ./string/../sysdeps/x86_64/multiarch/strcasecmp_l.c
cfn=(378) strcasecmp_l
calls=1 31 
* 7
cob=(3)
cfi=(116) ./string/../sysdeps/x86_64/multiarch/strcpy.c
cfn=(374) strcpy
calls=1 29 
* 17
cob=(3)
cfi=(115) ./string/../sysdeps/x86_64/multiarch/strchrnul.c
cfn=(370) strchrnul
calls=1 31 
* 21
cob=(3)
cfi=(114) ./string/../sysdeps/x86_64/multiarch/memrchr.c
cfn=(366) memrchr
calls=1 29 
* 21
cob=(3)
cfi=(112) ./wcsmbs/../sysdeps/x86_64/multiarch/wmemset.c
cfn=(362) wmemset
calls=2 31 
* 38
cob=(3)
cfi=(110) ./string/../sysdeps/x86_64/multiarch/memcmp.c
cfn=(358) bcmp
calls=1 29 
* 22
cob=(3)
cfi=(109) ./string/../sysdeps/x86_64/multiarch/strncase_l.c
cfn=(356) strncasecmp_l
calls=1 31 
* 7
cob=(3)
cfi=(108) ./string/../sysdeps/x86_64/multiarch/strcat.c
cfn=(352) strcat
calls=1 29 
* 17
cob=(3)
cfi=(107) ./wcsmbs/../sysdeps/x86_64/multiarch/wcscpy.c
cfn=(350) wcscpy
calls=1 43 
* 7
cob=(3)
cfi=(106) ./string/../sysdeps/x86_64/multiarch/strcspn.c
cfn=(348) strcspn
calls=1 29 
* 7
cob=(3)
cfi=(105) ./string/../sysdeps/x86_64/multiarch/strcasecmp.c
cfn=(346) strcasecmp
calls=1 31 
* 7
cob=(3)
cfi=(104) ./string/../sysdeps/x86_64/multiarch/strncmp.c
cfn=(344) strncmp
calls=1 66 
* 17
cob=(3)
cfi=(102) ./wcsmbs/../sysdeps/x86_64/multiarch/wmemchr.c
cfn=(340) wmemchr
calls=2 31 
* 46
cob=(3)
cfi=(100) ./string/../sysdeps/x86_64/multiarch/stpncpy.c
cfn=(336) stpncpy
calls=1 31 
* 17
cob=(3)
cfi=(99) ./wcsmbs/../sysdeps/x86_64/multiarch/wcscmp.c
cfn=(332) wcscmp
calls=1 30 
* 21
cob=(3)
cfi=(98) ./string/../sysdeps/x86_64/multiarch/memmove.c
cfn=(328) memmove
calls=2 29 
* 44
cob=(3)
cfi=(97) ./string/../sysdeps/x86_64/multiarch/strrchr.c
cfn=(324) rindex
calls=1 28 
* 21
cob=(3)
cfi=(96) ./string/../sysdeps/x86_64/multiarch/strchr.c
cfn=(322) index
calls=1 61 
* 19
cob=(3)
cfi=(94) ./wcsmbs/../sysdeps/x86_64/multiarch/wcschr.c
cfn=(318) wcschr
calls=2 31 
* 42
cob=(3)
cfi=(92) ./string/../sysdeps/x86_64/multiarch/memcpy.c
cfn=(314) memcpy@@GLIBC_2.14
calls=1 29 
* 22
cob=(3)
cfi=(91) ./wcsmbs/../sysdeps/x86_64/multiarch/wcslen.c
cfn=(310) wcslen
calls=1 29 
* 19
cob=(3)
cfi=(89) ./string/../sysdeps/x86_64/multiarch/memset.c
cfn=(306) memset
calls=1 29 
* 24
cob=(3)
cfi=(87) ./wcsmbs/../sysdeps/x86_64/multiarch/wcsnlen.c
cfn=(302) wcsnlen
calls=1 29 
* 19
cob=(3)
cfi=(86) ./string/../sysdeps/x86_64/multiarch/strcmp.c
cfn=(300) strcmp
calls=1 65 
* 17
cob=(3)
cfi=(85) ./string/../sysdeps/x86_64/multiarch/strpbrk.c
cfn=(298) strpbrk
calls=1 29 
* 7
cob=(3)
cfi=(83) ./string/../sysdeps/x86_64/multiarch/strnlen.c
cfn=(294) strnlen
calls=2 31 
* 42
-36 40
+37 40
fi=(5)
77 121
fe=(78)
288 32
+3 24
+24 4
+3 8
+17 12
+2 32
-98 8
+3 2
+7 4
-9 2
fi=(5)
86 14
+2 14
+12 7
-14 28
+14 14
+10 10
+3 13
+1 3
fi=(6)
529 3
fi=(5)
114 3
fi=(6)
529 6
fi=(5)
114 1198
fi=(6)
529 1198
fi=(5)
114 1198
fi=(6)
529 2396
+5 2402
+1 1201
fi=(5)
113 1201
fi=(6)
535 1201
-5 1201
fi=(5)
113 2402
+7 28
+4 20
+2 10
-73 3
fi=(6)
484 3
fi=(5)
52 3
fi=(6)
484 6
fi=(5)
128 6
+1 3
+1 3
-2 3
+2 3
+3 3
-5 3
+2 3
-2 3
+1 6
+2 3
-2 3
+2 9
+2 6
-5 216
+1 108
+1 108
-2 108
+2 108
+3 108
-5 108
+2 108
-2 108
+1 216
+2 108
-2 108
+2 324
+2 216
+9 109
fi=(6)
262 218
+21 218
+4 218
+7 436
fi=(4) ./elf/../sysdeps/generic/ldsodefs.h
138 279
fi=(6)
294 3576
cfi=(79) ./elf/./elf/dl-lookup.c
cfn=(280) _dl_lookup_symbol_x
calls=90 840 
* 51109
* 810
+2 279
+30 648
450 273
fi=(5)
145 307
-19 333
+32 15
+1 6
fi=(6)
294 2
+22 2
-22 4
fi=(5)
160 6
+3 2
+4 2
-4 2
+4 4
-2 2
-2 2
+2 2
+1 2
-1 4
fi=(6)
294 8
508 2
-1 4
+1 4
+1 2
cfi=(15)
cfn=(436) __x86_cpu_features
calls=1 71 
* 6
cob=(3)
cfi=(81) ./string/../sysdeps/x86/cacheinfo.c
cfn=(290) __x86_cacheinfo
calls=1 86 
* 28
+1 2
fi=(5)
159 2
fi=(6)
510 2
fi=(5)
159 8
-14 3
+1 45
fi=(6)
490 3
+5 2
-1 3
+1 2
-1 1
cfi=(29)
cfn=(80)
calls=1 212 
* 11
+2 4
+1 1
-75 51
+4 68
+5 17
+9 17
-9 34
+9 17
fi=(5)
145 66
fi=(6)
296 154
+3 106
-3 106
+3 212
+2 15
+3 6
+1 9
+11 6
+7 3
cob=(3)
cfi=(92)
cfn=(314)
calls=1 29 
* 22
cob=(3)
cfi=(86)
cfn=(300)
calls=1 65 
* 17
cob=(3)
cfi=(118)
cfn=(380)
calls=1 29 
* 21
* 9
+3 6
fi=(5)
135 10
+3 2
fi=(6)
296 90
+3 90
-3 196
+3 4
fi=(5)
50 8
fe=(78)
308 14
fi=(6)
-14 29
fe=(78)
+49 20
+3 4
-3 4
+3 4
+4 8
+1 16
cfi=(72)
cfn=(236)
calls=4 117 
* 24
* 8
-63 6
fi=(5)
53 2
175 7
+2 2
+1 2
-1 1
+3 1
-3 4
+3 2
-3 10
+1 10
-1 5
+3 5
-3 20
+3 10
+8 6
fi=(6)
+74 12
+21 12
+4 12
+7 24
fi=(4)
138 18
fi=(6)
294 204
cfi=(79)
cfn=(280)
calls=6 840 
* 3251
* 54
+2 18
+30 36
450 12
fi=(5)
191 18
-16 18
+30 4
fi=(6)
+91 2
+3 2
-3 2
+3 4
-3 2
+3 2
-3 4
fe=(78)

fl=(72)
fn=(236)
117 25
+5 5

fn=(470) munmap
117 5
+5 1

fl=(44)
fn=(132)
125 7
+1 35
+6 7
+1 7
+1 7
+1 7
+2 1
+1 1
+1 1
+65 4
+1 4
+2 4
+76 6
+1 6
+5 6
+3 6
+1 6
+3 2
+1 2
+13 2
+1 2
+2 2
+3 1
+3 2
+3 1
+1 1
+1 1
+1 1
+1 1
+1 1
+1 1
-6 27
+1 27
+1 27
+1 27
+1 27
+1 27
+1 27
+3 2
+1 2
+1 2
+1 2
+5 2

fl=(65) ./io/../sysdeps/unix/sysv/linux/access.c
fn=(208) access
25 1
+2 7
+4 1

fl=(38)
fn=(108)
175 5
+1 1
-1 6
+1 1
-1 1
+1 1
-1 1
+1 1
-1 1
+1 2
cfi=(10)
cfn=(24)
calls=1 405 
* 21
* 1
+2 2
+1 3
+26 2
-26 1
+25 1
cfi=(39)
cfn=(110)
calls=1 29 
* 47
fi=(40) ./elf/./dl-hwcaps.h
54 1
fe=(38)
205 1
-1 1
fi=(40)
56 1
+32 1
+1 1
+1 1
fe=(38)
-35 2
cfi=(41)
cfn=(116)
calls=1 -4 
* 13
* 2
fi=(40)
-1 1
+2 2
-2 1
+34 2
+1 2
+1 1
fe=(38)
-32 2
-1 2
+1 2
+1 2
-1 2
-3 4
cfi=(41)
cfn=(116)
calls=2 -4 
* 114
* 2
cfi=(41)
cfn=(116)
calls=1 -4 
* 122
* 6
+48 5
fi=(28)
-47 1
cfi=(27)
cfn=(76)
calls=1 -21 
* 25
fe=(38)
+47 1
+2 2
+3 2
fi=(40)
-52 1
fe=(38)
+55 1
-3 1
fi=(40)
-54 2
+3 1
fe=(38)
+58 2
cfi=(41)
cfn=(122)
calls=1 -90 
* 12
* 2
fi=(40)
-61 1
+2 2
-2 1
+34 2
+1 2
+1 1
fe=(38)
+40 4
+1 2
-1 6
+2 2
+1 2
-2 6
-3 4
cfi=(41)
cfn=(116)
calls=2 -77 
* 114
* 2
cfi=(41)
cfn=(116)
calls=1 -77 
* 122
* 6
+8 2
+9 1
-15 1
+15 2
-15 1
+15 8
+9 2
+4 7
cfi=(43)
cfn=(124)
calls=1 22 
* 41
+1 2
+1 1
+4 1
+1 2
+1 1
-20 2
+19 1
+1 1
-20 2
-1 4
+70 1
+1 1
+4 1
-5 2
+1 4
+4 2
-4 1
+4 4
+1 1
-1 1
+1 2
+1 2
-2 5
+1 1
-1 1
+1 2
+1 2
-2 5
+5 1
+3 2
-3 2
+3 15
+7 1
-7 2
+2 3
+1 4
+2 1
fi=(200) ./elf/../sysdeps/x86/dl-hwcap.h
57 1
fe=(38)
233 2
fi=(200)
57 1
fe=(38)
233 2
fi=(200)
57 1
fe=(38)
233 1
+1 1
cfi=(22)
cfn=(60)
calls=1 41 
* 17
+1 1
+1 1
-6 1
+4 1
+1 1
-5 1
+5 1
+1 1
-1 2
-5 4
+10 3
-2 3
+2 1
+1 1
+1 1
-1 1
+4 4
+1 1
-1 1
+4 2
+4 1
-1 1
+1 4
-1 2
+4 3
+1 3
+19 10
+6 2
fi=(28)
56 1
cfi=(27)
cfn=(76)
calls=1 -21 
* 25
* 1
fe=(38)
283 2
+8 1
fi=(40)
54 1
+2 1
+34 1
-2 2
fe=(38)
-5 1
291 1
fi=(40)
54 1
+35 1
fe=(38)
291 1
fi=(40)
90 1
fe=(38)
-10 2
cfi=(41)
cfn=(116)
calls=1 -29 
* 13
* 2
fi=(40)
-26 2
+2 1
fe=(38)
+27 1
fi=(40)
-29 1
+34 2
+1 2
+1 1
fe=(38)
-8 2
+1 4
+7 2
-7 10
cfi=(29)
cfn=(128)
calls=2 199 
* 26
+4 2
+2 2
+2 2
-2 4
-9 4
cfi=(41)
cfn=(116)
calls=2 -29 
* 114
* 2
cfi=(41)
cfn=(116)
calls=1 -29 
* 122
* 6
304 1
+2 1
-2 1
-48 2
+72 1
-72 1
376 2
+13 2
-58 1
+45 1
+13 1
-58 1
-75 1
+82 1
+10 2
-92 1
+88 1
+4 3
-4 1
+3 7
-3 2
-3 1
+3 1
cfi=(29)
cfn=(128)
calls=1 199 
* 18
* 2
-3 1
+3 1
cfi=(29)
cfn=(128)
calls=1 199 
* 18
* 2
+3 2
-3 4
+3 5
+1 12
+1 2
-2 1
+2 1
cfi=(29)
cfn=(128)
calls=1 199 
* 15
* 2
-2 2
+5 8
cfi=(29)
cfn=(128)
calls=2 199 
* 30
* 4
+2 5
+5 6
+1 1
-1 3
+1 7
-1 25
+5 11
+4 1
-1 1
+1 2
-4 12
+4 2
-1 2
+1 13
-1 9
+1 18
+1 24
-1 12
-1 12
+2 24
-1 24
-1 24
+4 9
+3 1
+2 2
-1 1
-1 1
+2 1
-2 1
+2 2
-1 1
+1 2
+2 6
+1 2
+3 2
-6 2
+6 3
+7 8
+1 1
-1 2
+3 2
-3 3
+1 3
-1 6
+3 6
+3 4
-80 2
+86 9
-20 1
+1 2
-6 3
259 2
+1 2
+1 4
-1 3
+12 4
-44 2
+34 4
-2 3

fl=(29)
fn=(80)
212 17
+1 17
+6 17
+1 17
+2 10
+1 10
+1 10
+2 7
+1 7
+1 7
+2 7
360 7
+1 7
+2 1
+4 1
+1 1
+1 1
+1 1
+1 1
+4 1
+2 1
+39 6
+1 6
+1 6
+1 6
+1 6
+7 3
+1 3
+1 3
+1 3
+1 3
+1 3
+1 3
+11 3
+1 3
+2 3
+1 3
+1 3

fn=(128)
199 32
+1 32
+1 32
+1 32
+17 32
+1 32
+2 6
+1 6
+1 6
+2 5
+1 5
+1 5
+2 5
360 26
+1 26
+2 8
+4 8
+1 3
+1 3
+1 2
+1 2
+1 2
+1 2
+2 2
+2 3
+6 5
+1 5
+1 5
+1 5
+1 5
+29 18
+1 18
+1 18
+1 18
+1 18
+7 1
+1 1
+1 1
+1 1
+1 1
+1 1
+1 1
+11 1
+1 1
+2 1
+1 1
+1 1

fl=(42)
fn=(118)
23 15
+1 15
+1 15
+1 15
+1 15
+1 15
+1 15
+1 15
+1 15
+1 15
+1 15
+1 15
+1 15
+1 15
+1 15
+1 15
+1 15
+1 15
+1 13
+4 13
+1 13
+1 13
+1 13
+2 13
+4 2
+1 2
+1 2
+1 2
+1 2
+1 2
+1 2
+1 2
+1 2
+1 2
+1 2
+1 2
+1 2
+1 2
+1 2
+1 2
+1 2
+1 2
+1 2
+1 2
+1 2
+1 2
+1 2
+1 2
+52 2
+4 2
+1 2
+1 2
+1 2
+2 2

fl=(52)
fn=(162)
225 10
+2 2
cob=(2)
cfi=(51)
cfn=(164)
calls=1 0 
* 2759
+1 2
+1 1
+1 1
-1 1
+1 1
+2 5

fn=(166)
175 9
+5 3
-5 9
+5 3
-2 6
+22 3
-1 3
+7 6
-6 3
+3 6
+3 3
cfi=(53)
cfn=(168)
calls=3 30 
* 72
* 12
+2 9
cfi=(66)
cfn=(214)
calls=2 61 
* 6652
cfi=(2)
cfn=(170) map_doit
calls=1 663 
* 2698
+2 3
-1 3
+1 3
-1 3
+1 6
+9 12

fn=(250) _dl_receive_error
238 6
+1 1
+1 1
+3 1
+1 1
+2 1
cfi=(2)
cfn=(252) version_check_doit
calls=1 696 
* 4136
+2 1
+1 1
+1 4

fl=(142) ./elf/./elf/dl-runtime.c
fn=(458) _dl_fixup
46 16
+2 10
+1 2
+6 2
fi=(201) ./elf/../sysdeps/x86_64/dl-runtime.h
-27 2
fe=(142)
+21 2
+5 2
+1 2
-6 2
+6 4
+1 2
+2 2
-2 2
+2 2
-2 10
+7 4
+4 4
+4 6
+4 6
+1 8
-7 8
+16 2
-1 2
+1 4
+10 20
cfi=(79)
cfn=(280)
calls=2 840 
* 1363
* 2
+4 10
+10 20
+15 8
+9 6
+26 6
fi=(6)
+70 2
fe=(142)
-66 12

fl=(54)
fn=(174)
68 84
+1 28
cfi=(32)
cfn=(90)
calls=14 +39 
* 500
* 28
+3 14
+2 28
+6 15
-6 30
+1 54
cfi=(32)
cfn=(90)
calls=18 +33 
* 756
* 36
+8 3
-13 3
+13 20
-1 11
+1 33

fn=(224) _dl_sysdep_read_whole_file
36 2
+3 1
-3 6
+3 1
-3 1
+3 1
cfi=(55)
cfn=(178)
calls=1 -11 
* 19
+1 2
+23 7
-21 4
cfi=(58)
cfn=(190)
calls=1 -13 
* 15
* 2
+2 2
+3 2
+13 2
cfi=(64)
cfn=(204)
calls=1 -35 
* 6
* 1
-11 6
cfi=(60)
cfn=(194)
calls=1 -2 
* 9
* 2

fl=(1) ???
fn=(0) 0x0000000000020290
0 2
cfi=(2)
cfn=(2) _dl_start
calls=1 527 
0 140815
0 14
cfi=(144)
cfn=(474)
calls=1 77 
0 361
0 3
cob=(5)
cfi=(150)
cfn=(508)
calls=1 0 
0 1828841

fl=(135) ./elf/./elf/dl-call-libc-early-init.c
fn=(438) _dl_call_libc_early_init
27 1
+2 2
-2 1
+6 3
-6 1
+6 3
-6 1
+6 1
cfi=(134) ./elf/./elf/dl-lookup-direct.c
cfn=(434) _dl_lookup_direct
calls=1 +41 
* 177
+4 2
+2 4
+2 1
-1 1
+1 2
-1 1
cob=(3)
cfi=(136) ./elf/./elf/libc_early_init.c
cfn=(440) __libc_early_init
calls=1 -7 
* 1108

fl=(12)
fn=(248) dfs_traversal.part.0
140 64
+10 8
-2 8
+2 16
+2 20
+3 20
-3 40
+9 16
+15 24
+1 8
+1 48
-17 12

fn=(22)
281 2
+1 4
cfi=(10)
cfn=(24)
calls=1 405 
* 20
+2 3
-1 1
+2 2

fn=(246)
290 20
+8 2
-8 2
+8 4
+4 16
-79 4
-37 2
+37 2
-36 8
+1 2
-1 2
+1 2
-1 4
+1 6
-1 6
+1 6
-1 12
+36 30
+8 6
-3 2
+2 2
+1 2
-8 2
+5 2
+3 8
+2 18
+2 8
-90 40
cfn=(248)
calls=8 -5 
* 284
+93 16
+18 4
+13 2
+33 2
-26 8
cfi=(29)
cfn=(80)
calls=2 -64 
* 22
* 2

fl=(22)
fn=(60)
41 16
+44 16
+1 16
+1 16
+1 16
+1 16
+1 16
+1 16
+2 16
+2 16
+31 15
+1 15
+1 15
+1 15
+1 15
+1 10
+2 10
+4 5
+1 5
+1 5
+1 5
+1 5
+1 5
+1 5
+1 5
+1 5
+1 5
+1 5
+1 5
+5 40
+4 1
+1 14
+1 8

fl=(141)
fn=(456)
67 2
+5 2
+3 2
+2 2
+10 2
+6 2
+1 2
+1 2
+1 2
+1 2
+1 2
+1 2
+4 2
+1 2
+3 2
+1 2
+2 2
+1 2
+1 2
+1 2
+1 2
+1 2
+2 2
+7 2
+1 2
+1 2
cfi=(142)
cfn=(458)
calls=2 -80 
* 1555
+1 2
+5 2
+1 2
+1 2
+2 2
+1 2
+1 2
+1 2
+1 2
+1 2
+1 2
+2 2
+2 2
+4 2
+2 2

fl=(56)
fn=(180)
25 2
+1 8
+1 2

fl=(58)
fn=(190)
29 6
+1 6
+5 9
cfi=(59)
cfn=(192)
calls=3 153 
* 24

fl=(23)
fn=(62)
37 5
+3 1
+18 2
+4 2
+16 5

fl=(133) ./elf/../sysdeps/nptl/dl-mutex.c
fn=(432) __rtld_mutex_init
30 2
+10 3
-10 1
+10 2
-10 1
+7 1
+3 2
cfi=(134)
cfn=(434)
calls=1 +34 
* 175
+4 2
+1 8
+2 3
-2 1
+2 3
cfi=(134)
cfn=(434)
calls=1 +27 
* 198
+4 2
+1 6
+1 2
-1 1
+1 2

fl=(27)
fn=(72)
78 8
+4 8
-4 32
+7 8
+1 24
fi=(28)
-30 8
cfi=(27)
cfn=(76)
calls=8 -21 
* 235
fe=(27)

fn=(144)
95 3
+2 12

fn=(76)
35 120
+1 24
+11 24
-11 48
+11 48
+3 24
-3 24
+3 136
+18 24
+1 24
+2 96
-16 8
+1 4
+2 2
+1 14
cfi=(60)
cfn=(194)
calls=2 -12 
* 18
* 2
+2 4
+2 4
+2 2
+4 2
-4 4
-23 1
-1 1
+1 1
+1 2
-2 2

fl=(193) ./elf/./elf/dl-fini.c
fn=(726) _dl_fini
31 9
+20 3
-3 7
+3 4
+3 2
cob=(3)
cfi=(194) ./nptl/./nptl/pthread_mutex_lock.c
cfn=(728) pthread_mutex_lock@@GLIBC_2.2.5
calls=1 +23 
* 43
+2 1
+3 2
+2 6
+7 2
-2 1
+2 1
cfi=(49)
cfn=(466) _dl_audit_activity_nsid
calls=1 -28 
* 21
+5 14
+5 1
-5 1
+5 3
+2 8
+2 8
+2 8
+1 4
+1 4
+4 4
-12 12
+14 6
+1 4
+6 5
cfi=(12)
cfn=(246)
calls=1 290 
* 300
+9 2
cob=(3)
cfi=(195) ./nptl/./nptl/pthread_mutex_unlock.c
cfn=(730) pthread_mutex_unlock@@GLIBC_2.2.5
calls=1 367 
* 34
+5 6
+2 1
+2 3
-2 3
+2 9
+3 8
+3 12
+4 2
+11 4
+1 1
+1 2
+1 5
+1 2
cob=(5)
cfi=(150)
cfn=(732)
calls=1 0 
* 92
-1 5
+5 3
+1 6
cob=(2)
cfi=(51)
cfn=(758)
calls=1 0 
* 110
cob=(2)
cfi=(51)
cfn=(754)
calls=1 0 
* 4
+6 8
cfi=(49)
cfn=(756) _dl_audit_objclose
calls=4 -57 
* 20
+5 4
-45 12
+49 3
cfi=(49)
cfn=(466)
calls=1 40 
* 21
* 2
-38 9
+3 2
+41 6
+6 2
+7 8
73 2

fl=(15)
fn=(436)
71 1
-32 3
+32 2

fn=(32)
37 1
+2 3
+2 1
cfi=(16)
cfn=(34)
calls=1 399 
* 7219

fl=(45)
fn=(140)
40 15
+1 3
cfi=(22)
cfn=(60)
calls=3 * 
* 87
* 3
fi=(202) ./string/../include/rtld-malloc.h
+15 6
cfi=(27)
cfn=(76)
calls=3 -21 
* 75
fe=(45)
-12 6
+4 3
-1 9
+1 6
-1 3
cfi=(29)
cfn=(80)
calls=3 212 
* 41

fl=(26)
fn=(70)
59 42
+3 6
+18 2
+3 2
-3 2
+3 2
cfi=(22)
cfn=(60)
calls=2 -42 
* 52
+4 4
-4 4
+9 4
fi=(28)
-48 6
cfi=(27)
cfn=(72)
calls=2 +34 
* 100
fe=(26)
+48 1
fi=(28)
-48 3
cfi=(27)
cfn=(72)
calls=1 +34 
* 43
* 3
fe=(26)
+51 6
+5 3
-2 3
+6 3
-4 3
+4 3
-5 3
+4 3
+1 3
-1 3
+1 6
cfi=(29)
cfn=(80)
calls=3 212 
* 44
* 6
+2 3
+13 6
+6 1
+2 7
+3 2
-3 14
+3 4
+9 3
-7 3
+4 3
+3 15
+2 1
-2 3
+2 15
-2 45
+16 6
-5 3
+5 3
-6 3
+6 3
-6 3
+6 6
+2 4
+3 4
-3 4
+7 8
+4 4
+8 2
+3 2
+10 3
-10 4
+10 6
+2 2
+21 2
-21 2
cfi=(22)
cfn=(60)
calls=2 41 
* 70
* 6
+17 2
-13 6
+50 6
cfi=(29)
cfn=(128)
calls=2 -46 
* 34
* 2
+5 4
+1 4
-1 80
+1 80
+2 4
+3 2
+3 2
+4 27
131 8
-12 4
+34 1
+7 4
+8 8
fi=(28)
56 4
cfi=(27)
cfn=(76)
calls=2 -21 
* 50
* 2
fe=(26)
200 8
64 2
+2 3
+1 2
+10 5
-6 2

fn=(82)
31 6
+2 3
-2 6
+2 3
-2 6
+2 3
cfi=(24)
cfn=(84)
calls=3 +9 
* 9
+2 23
+3 20
+2 2
+2 2
+4 2
+4 2
-4 4
+1 2
+4 2
-4 2
+1 2
+3 2
-3 2
+3 2
-1 2
cfi=(24)
cfn=(84)
calls=2 -8 
* 6
-4 1
+4 1
-4 2
+1 1
+4 1
-4 1
+1 1
+3 1
-3 1
+3 1
-1 1
cfi=(24)
cfn=(84)
calls=1 -8 
* 3
-5 2

fl=(10)
fn=(18)
282 9
-9 7
71 122
+6 39
-3 39
+3 3384
-3 39
-3 78
357 8
81 78
+5 117
fi=(11) ./elf/./elf/dl-tunables.h
+54 39
fe=(10)
-54 39
fi=(11)
+54 39
+1 100
-1 77
+1 22
-1 39
+1 78
fe=(10)
323 156
-18 5460
+6 8580
fi=(11)
140 351
+1 702
-1 11
+1 44
-1 55
fe=(10)

fn=(54)
157 15
-55 5
+55 5
-55 5
+55 5
-55 35
+9 5
+1 5
fi=(203) ./elf/./dl-tunable-types.h
-22 10
fe=(10)
+22 20
+1 40
fi=(11)
+8 10
+1 5
fe=(10)
-6 15
fi=(11)
+15 5
fe=(10)
-12 10
+4 10
+7 10
+1 10
+3 30
+1 5
+1 5
+1 5
+24 5
fi=(11)
-30 15
fe=(10)

fn=(24)
405 33
+3 231
+9 33
-9 126
+9 10
+17 165
+2 33
-9 23
+1 23

fl=(60)
fn=(194)
47 24
+3 24
+8 48
+2 12

fl=(2)
fn=(258) init_tls
756 3
+2 1
+4 1
-4 1
+4 2
+11 1
fi=(28)
44 1
fe=(2)
768 1
+4 1
fi=(28)
44 1
cfi=(27)
cfn=(72)
calls=1 +34 
* 36
fe=(2)
783 1
-12 1
+6 1
-9 1
+11 1
+4 1
+2 3
-1 2
+3 8
+4 1
+2 1
-2 2
-5 1
-1 2
+10 3
+3 2
cfi=(47)
cfn=(260)
calls=1 97 
* 79
+3 1
cfi=(47)
cfn=(262)
calls=1 221 
* 76
+7 1
cfi=(47)
cfn=(264)
calls=1 422 
* 442
* 1
+1 2
+6 1
+3 2
-3 1
+3 6
+3 1
cfi=(24)
cfn=(266) __tls_init_tp
calls=1 68 
* 75
+1 1
+3 5
-39 3
-1 7

fn=(156) handle_preload_list
894 10
+5 1
-5 2
+5 2
+6 1
-64 1
+54 3
+7 3
cfi=(50)
cfn=(158)
calls=1 25 
* 233
* 1
+1 3
+9 1
191 1
914 2
191 2
916 2
-80 1
+5 5
-10 1
+8 1
-4 1
+1 1
+1 1
+4 1
cob=(2)
cfi=(51)
cfn=(160)
calls=1 0 
* 2784
+1 3
+8 3
+67 1
-18 2
+21 9
-15 4
cfi=(29)
cfn=(80)
calls=1 212 
* 19
+1 2

fn=(170)
663 2
+2 1
-2 1
+2 1
+1 2
-1 2
+1 3
cfi=(31)
cfn=(172)
calls=1 2022 
* 2683
* 1
+2 2

fn=(64)
1320 2
205 1
311 1
1320 2
2818 1
1320 3
2829 1
1320 2
2698 1
1320 2
311 1
1320 3
207 1
310 1
205 1
+99 3
1332 1
cfi=(24)
cfn=(66) __tls_pre_init_tp
calls=1 53 
* 17
2677 3
+6 5
-4 1
+4 1
+2 3
cfi=(25)
cfn=(68)
calls=1 28 
* 41
* 4
cfi=(25)
cfn=(68)
calls=2 28 
* 228
* 9
+4 6
-2 2
+2 6
+1 2
-1 6
+1 17
-1 89
+9 12
2845 4
+32 2
1348 1
+1 2
-1 2
+1 2
2774 3
+1 3
-56 2
+7 2
1627 9
cfi=(26)
cfn=(70)
calls=1 59 
* 230
* 1
+2 2
+1 1
+6 2
-6 1
+1 2
+1 3
+4 1
cfi=(26)
cfn=(82)
calls=1 31 
* 36
+1 2
1140 1
1326 1
1169 1
-29 1
+11 1
+18 2
-21 1
+21 1
-19 1
-4 1
+23 1
-21 1
+21 2
+57 1
-83 1
+23 1
+4 1
+19 1
+22 1
+15 5
-56 116
1275 4
+2 1
1169 18
fi=(30)
105 2
fe=(2)
1282 22
+6 4
cfi=(31)
cfn=(88)
calls=1 868 
* 20
-7 26
+1 13
+6 13
-6 26
fi=(30)
212 4
+1 2
95 8
+10 2
212 1
105 1
-2 1
-3 1
+2 1
+3 1
-4 2
+92 4
-1 1
-87 3
+3 3
+1 2
+1 2
+4 3
+4 3
+3 3
+1 2
+4 1
+1 4
+58 3
+2 4
-56 4
+1 2
+3 4
+3 2
+1 8
+5 4
+2 4
+5 4
+14 2
-1 4
+2 2
fe=(2)
1174 1
-5 1
+5 2
-5 2
+30 1
-9 1
+27 1
-27 1
+2 1
-3 1
+10 2
-20 2
-10 1
+10 1
+1 9
-11 2
+57 4
-1 4
+1 8
-1 4
+2 8
+1 1
+2 12
+1 14
+4 8
+1 8
+1 4
+1 10
+1 1
+4 1
-74 1
+74 2
-74 2
+74 3
-74 3
+74 6
-74 6
fi=(30)
165 2
fe=(2)
1271 1
1169 1
1271 1
1169 2
1294 1
+3 2
+2 1
-5 2
+3 2
+2 2
+2 2
1662 3
+2 1
-1 1
+1 2
+1 2
-2 1
+2 1
-2 2
cfi=(32)
cfn=(90)
calls=1 108 
* 34
* 2
+7 1
+3 1
-5 1
+3 1
+2 1
+1 2
+4 2
+2 2
fi=(3) ./elf/./get-dynamic-info.h
39 3
+6 1
-2 1
+2 2
+9 1
+5 1
+3 1
+2 1
-3 1
-3 1
-3 17
+13 5
-23 20
+23 21
-23 84
+4 52
+5 24
+2 5
+16 3
+25 3
+5 2
+7 2
+1 3
+22 3
+5 2
+2 2
+2 2
+2 2
+1 1
+3 3
+2 3
+1 2
+9 2
+6 2
+1 2
+3 2
fe=(2)
1688 3
+7 2
cfi=(8)
cfn=(14)
calls=1 25 
* 29
+3 2
fi=(33) ./elf/./setup-vdso.h
24 2
fi=(35) ./elf/../sysdeps/unix/sysv/linux/dl-vdso-setup.h
+21 1
fe=(2)
1723 1
cfi=(13)
cfn=(100)
calls=1 46 
* 109
* 8
fi=(37) ./elf/./dl-main.h
109 5
cfi=(31)
cfn=(106)
calls=1 706 
* 2926
fe=(2)
1731 3
cfi=(46)
cfn=(146)
calls=1 56 
* 30
+7 1
-7 1
+2 1
+5 1
+4 1
+3 1
-3 3
+1 2
+3 1
+5 1
-7 1
+7 1
+1 3
+12 2
+1 2
+5 1
-3 2
+2 1
+1 2
+5 3
+1 5
-1 2
233 1
-1 1
+1 3
+1 2
-2 1
+2 2
1793 2
+5 1
-1 1
+1 1
+24 1
cfi=(47)
cfn=(148)
calls=1 197 
* 6
* 1
fi=(48) ./elf/../sysdeps/generic/dl-debug.h
29 3
+1 2
fe=(2)
1828 2
+1 1
cfi=(46)
cfn=(152)
calls=1 116 
* 2
+1 1
+4 3
cfi=(49)
cfn=(154) _dl_audit_activity_map
calls=1 28 
* 16
+5 3
+2 1
+2 2
+9 2
+16 4
cfi=(65)
cfn=(208)
calls=1 25 
* 9
* 2
+76 4
+16 3
85 1
1970 1
85 2
1970 2
85 1
1970 5
cfi=(66)
cfn=(210)
calls=1 159 
* 8279
92 1
1976 1
92 2
+9 2
1976 2
+1 5
-1 4
+1 6
-1 12
+4 4
+1 3
+1 1
+2 2
+1 4
-1 9
+1 9
+12 3
+1 2
+2 1
+2 3
+2 1
-4 1
+5 1
-1 2
+14 2
+1 2
+1 3
+11 2
+2 1
-2 1
+2 2
-2 1
+1 2
+1 1
-1 2
+1 1
cfi=(52)
cfn=(250)
calls=1 238 
* 4153
+10 2
+1 2
+3 2
862 1
fi=(204) ./elf/../sysdeps/unix/sysv/linux/dl-osinfo.h
64 2
fe=(2)
864 1
+6 1
+3 1
+7 1
-5 1
2052 3
2282 3
1778 2
+6 1
-6 2
+6 1
+2 3
fi=(30)
198 4
+2 1
+1 1
+2 1
-3 3
+3 1
fi=(3)
59 4
+3 4
+2 4
fi=(34) ./elf/../sysdeps/unix/sysv/linux/dl-vdso.h
-24 1
+1 2
fe=(2)
2331 1
1325 1
2342 1
-4 2
+10 1
-6 1
+6 1
+3 2
+8 1
fi=(30)
36 1
fe=(2)
2359 1
fi=(30)
37 3
+3 1
+13 6
-13 3
+9 6
-9 1
+9 20
+4 15
-16 12
+34 3
cfi=(77) ./elf/../sysdeps/x86/dl-cet.c
cfn=(270) _dl_cet_check
calls=1 252 
* 30
fe=(2)
2361 2
+54 3
+3 1
85 4
2422 1
+1 19
+2 8
+5 8
+2 8
+6 4
+2 12
+1 24
cfi=(78)
cfn=(272)
calls=3 194 
* 79742
+4 10
+1 2
-23 1
+23 1
cfi=(47)
cfn=(412)
calls=1 1015 
* 28
-23 6
92 3
+1 1
2454 1
93 1
2454 1
+5 4
+2 1
+7 3
cfi=(47)
cfn=(414)
calls=1 528 
* 146
+3 2
fi=(3)
72 2
+10 3
+1 4
+1 4
+1 4
+2 4
+5 4
+1 4
+1 5
fi=(35)
-64 3
+3 1
+3 1
+3 1
fi=(34)
+16 2
fe=(2)
2434 1
+1 1
-3 2
+49 3
+2 4
+10 1
cfi=(129)
cfn=(416)
calls=1 561 
* 571
+5 2
cfi=(7)
cfn=(424) __rtld_malloc_init_real
calls=1 76 
* 2372
+3 1
cfi=(133)
cfn=(432)
calls=1 30 
* 415
85 1
2507 1
+1 3
85 3
2508 2
cfi=(78)
cfn=(272)
calls=1 194 
* 4806
92 3
+9 2
2516 3
cfi=(135)
cfn=(438)
calls=1 27 
* 1309
+7 1
cfi=(9)
cfn=(464)
calls=1 262 
* 2
+4 3
cfi=(49)
cfn=(466)
calls=1 40 
* 21
+5 2
cfi=(46)
cfn=(186)
calls=1 38 
* 7
+1 1
-1 1
+2 1
cfi=(46)
cfn=(152)
calls=1 116 
* 2
+1 1
+4 1
cfi=(68)
cfn=(468) _dl_unload_cache
calls=1 537 
* 18
+5 8
1741 4
1995 2
+50 2
cfn=(258)
calls=1 756 
* 784
* 2
2726 4
+2 2
+1 1
+46 2
+2 1
+1 1
-1 1
+1 1
+1 1
85 1
1847 1
85 2
1847 1
85 1
1847 2
cfn=(156)
calls=1 894 
* 3107
* 1
92 3
+9 3
1948 16
+1 1
-1 1
+4 3
+1 1
+1 2
+1 2
-7 2
fi=(30)
170 3
-39 2
fe=(2)

fn=(252)
696 3
+2 4
cfi=(75) ./elf/./elf/dl-version.c
cfn=(254) _dl_check_all_versions
calls=1 361 
* 4125
* 2
+4 2

fn=(2)
527 10
85 1
fi=(6)
-40 1
fe=(2)
557 1
-4 1
85 2
556 1
85 1
fi=(3)
-40 1
fe=(2)
556 1
fi=(3)
45 2
+9 1
+5 1
+3 1
+2 1
+4 1
-7 1
-3 1
-3 14
+13 4
-23 16
+23 14
-23 56
+4 36
+5 20
+2 5
+3 4
fi=(4)
+21 1
fi=(3)
-8 3
+10 4
+1 4
+1 4
+1 4
+2 4
+5 4
+1 4
+1 4
+3 3
+5 2
+7 3
+1 3
+8 2
+1 2
+5 3
+3 3
fe=(2)
573 1
fi=(6)
71 1
fe=(2)
573 42
fi=(6)
414 1
fi=(5)
86 1
fe=(2)
573 2
fi=(5)
49 1
+37 1
-37 1
+37 1
+2 1
-2 1
+2 1
-2 1
+27 2
-27 1
fe=(2)
573 2
fi=(5)
49 1
+37 1
-37 1
+37 1
+2 1
-2 1
+2 1
-2 1
+27 3
+1 2
fi=(6)
534 2
fi=(5)
114 282
fi=(6)
534 282
+1 142
fi=(5)
113 142
fi=(6)
535 284
fi=(5)
113 284
+5 4
+8 7
fi=(6)
326 12
fi=(5)
126 21
+2 7
+2 7
-2 7
fi=(6)
287 7
fi=(5)
130 7
-2 7
+1 14
fi=(6)
287 14
+9 70
+3 14
+27 33
fe=(2)
573 6
fi=(5)
50 1
fi=(4)
+30 2
fi=(6)
326 2
+20 12
+1 6
fe=(2)
575 1
+13 1
cfi=(7)
cfn=(12) __rtld_malloc_init_stubs
calls=1 42 
* 10
+4 2
85 1
488 2
85 3
488 1
cfi=(8)
cfn=(14)
calls=1 25 
* 29
+2 2
-1 1
+1 2
+17 1
-15 1
-2 1
+17 1
-15 1
+9 1
-11 1
+17 1
cfi=(9)
cfn=(16)
calls=1 85 
* 138722
* 1
+2 2
+98 9
fi=(3)
62 4
+2 4
fe=(2)
573 3

fl=(77)
fn=(270)
252 8
42 1
+9 1
-10 1
+4 1
-4 1
+3 1
+4 2
+1 2
-1 2
+14 2
254 8

fl=(79)
fn=(284) check_match
70 98
+3 98
-3 1176
+3 388
+13 96
-13 96
+13 96
-13 96
+13 288
+3 328
cfi=(32)
cfn=(90)
calls=34 +19 
* 1589
* 68
+4 96
+1 192
+2 188
+19 188
+1 752
+2 2
-40 95
+84 570
-18 4
+2 4
+1 2
-1 4
+1 6
-1 4
+9 1
+7 18
-45 279
cfi=(32)
cfn=(90)
calls=93 -9 
* 2463
* 186
-44 8
+82 4

fn=(282) do_lookup_x
363 816
+1 102
-1 510
+48 102
-30 204
-11 102
+41 102
-30 306
+30 102
fi=(80) ./elf/../sysdeps/generic/dl-protected.h
44 306
fe=(79)
381 102
fi=(80)
44 408
fe=(79)
395 960
+4 320
+4 320
-3 320
+3 1280
+1 960
+3 320
+1 640
+7 320
-3 640
-2 320
+5 1280
+3 2240
570 678
374 642
+3 642
+4 648
+4 640
+4 640
+88 190
fi=(4)
137 190
+1 285
fe=(79)
528 190
fi=(80)
29 190
fe=(79)
535 732
+16 190
+1 95
+1 190
422 404
-1 202
+2 202
+2 1212
+13 420
-10 1175
+3 98
-1 196
+1 98
-1 98
+2 196
-1 1176
cfn=(284)
calls=98 70 
* 9483
+4 294
+3 6
573 7
+1 816
-35 21
-70 12
171 42
452 760

fn=(280)
840 1020
+10 102
-10 204
+10 102
-10 102
+10 102
204 102
840 102
204 510
581 408
-1 204
+2 102
-1 102
+1 306
-1 306
+1 1293
-1 1293
+1 3879
-1 3879
+2 102
846 102
-4 102
+1 102
+7 102
-8 102
+1 102
+7 381
+3 102
+2 204
-2 102
+6 204
-7 612
+7 35
+1 1428
cfn=(282)
calls=102 363 
* 36142
* 306
+28 102
-23 102
+23 102
-23 204
+24 554
+7 95
-7 95
+40 380
+79 190
-65 285
+3 285
-62 102
+69 918
-86 42
+18 21
+59 2

fl=(134)
fn=(434)
74 30
+2 3
-2 3
+4 3
-4 3
+2 3
+2 9
+37 3
-37 9
+1 6
+2 12
+3 25
-52 3
+54 6
-54 3
+54 3
-54 9
+1 9
+2 6
+1 6
+12 12
+3 3
+2 3
-2 3
+2 9
cfi=(32)
cfn=(90)
calls=3 +55 
* 207
* 6
+4 6
+1 3
-1 3
+1 18
+1 9
cfi=(32)
cfn=(90)
calls=3 +49 
* 75
* 6
+57 27
-23 6

fl=(64)
fn=(204)
25 3
+1 12
+1 3

fl=(68)
fn=(222)
416 10
+2 2
+3 3
+74 1
208 1
495 2
+3 3
fi=(70) ./elf/../sysdeps/x86/dl-procinfo.h
39 2
+3 3
cfi=(32)
cfn=(90)
calls=1 +66 
* 25
* 4
fe=(68)
212 6
cfi=(10)
cfn=(24)
calls=1 405 
* 21
* 1
+16 2
-16 1
+6 2
+10 1
-7 5
+9 3
+1 1
-37 2
+37 1
+4 2
-5 21
+1 7
-37 14
+37 7
+4 14
+4 24
cfn=(230) _dl_cache_libcmp
calls=8 370 
* 608
+1 16
359 7
+3 2
228 2
360 6
228 15
+2 5
+20 2
+3 2
+2 4
cfn=(230)
calls=1 370 
* 74
* 2
-7 2
-30 2
+1 1
+95 1
-95 1
-1 8
+96 3
-47 2
+10 2
+1 3
fi=(69) ./elf/../sysdeps/generic/dl-cache.h
125 5
fe=(68)
294 2
+9 2
+3 2
+2 3
+1 2
+5 2
+1 4
+7 2
+21 4
513 2
+12 2
cfi=(22)
cfn=(60)
calls=1 41 
* 33
* 12
+1 1
-1 1
+1 1
-1 1
+1 1
cfi=(29)
cfn=(80)
calls=1 212 
* 11
* 1
+1 1
cfi=(45)
cfn=(140)
calls=1 40 
* 89
+1 8
-3 2
424 4
cfi=(54)
cfn=(224)
calls=1 36 
* 91
* 1
+8 5
+1 8
+3 4
+1 1
-1 3
fi=(69)
194 1
+1 5
fe=(68)
444 1
+1 2

fn=(468)
537 1
+1 4
-1 1
+3 2
cfi=(72)
cfn=(470)
calls=1 117 
* 6
+1 1
+4 1
+2 2

fn=(230)
370 9
+1 9
+32 9
-33 18
+1 20
+2 45
+2 45
-2 90
+20 88
+2 88
-12 36
+2 36
+14 36
+1 36
-29 72
+32 3
-28 2
+8 1
-2 2
+1 2
-1 1
+2 3
+2 1
-3 1
+3 3
+2 2
+9 24

fl=(75)
fn=(256) _dl_check_map_versions
155 32
+15 4
-15 8
+15 8
+2 20
+2 4
+1 4
-1 4
+1 4
+2 8
+3 4
-16 2
-8 2
+28 2
-4 2
+4 4
+16 2
36 4
200 2
36 10
+1 5
-1 10
+2 21
cfi=(54)
cfn=(174)
calls=7 +30 
* 805
* 14
208 6
+5 2
-71 4
+71 6
+8 2
-2 2
-2 4
+4 2
-4 12
+4 7
-2 7
-2 14
+4 7
-4 72
56 36
+8 27
+6 27
+16 9
+1 18
+2 9
+5 81
+14 186
+12 252
+4 84
-30 168
224 36
+3 27
+5 7
-11 7
110 9
+3 36
cfi=(32)
cfn=(90)
calls=9 -5 
* 309
* 38
236 8
+14 4
+3 8
+10 42
-7 168
+3 126
-3 8
+3 6
+8 6
+6 3
fi=(28)
44 3
fe=(75)
273 3
fi=(28)
44 3
cfi=(27)
cfn=(72)
calls=3 +34 
* 108
fe=(75)
272 3
fi=(28)
44 3
fe=(75)
274 6
+13 3
-3 3
+3 12
+2 9
+3 8
+4 6
+7 9
+1 9
-1 27
+1 9
+1 9
-2 9
+2 18
+1 27
+3 27
+5 7
-15 7
+2 7
-2 7
+2 7
-2 7
+2 14
-2 2
+2 2
-2 2
+2 2
-2 2
+2 4
+16 6
+39 36
-29 9
+3 8
+4 42
+6 42
+1 42
+1 42
-1 126
+1 42
-1 42
+1 42
+1 42
+3 126
+4 42
-14 88
+10 6
164 2
+86 2
-94 2
+94 3

fn=(254)
361 6
+4 5
-2 2
+4 24
cfn=(256)
calls=4 155 
* 4053
-2 4
+2 12
-1 4
-1 8
+5 7

fl=(49)
fn=(206)
76 2
+1 8

fn=(466)
40 6
+4 3
-4 3
+4 3
-4 3
+4 3
-4 6
+4 3
+1 3
+1 12
+4 18

fn=(154)
28 6
+2 1
-1 1
+1 2
+6 6

fn=(530)
117 1
+1 4

fn=(756)
96 4
+1 16

fl=(24)
fn=(66)
53 3
+3 8
+5 1
-5 1
+5 1
+1 1
-6 1
+8 1

fn=(266)
68 2
fi=(205) ./elf/../include/list.h
-24 1
fe=(24)
+24 1
fi=(205)
-25 1
fe=(24)
+26 1
+3 1
fi=(205)
-29 1
+1 1
+1 1
+2 1
fe=(24)
+28 4
+1 2
+1 1
+5 2
+5 1
+6 1
-3 1
+3 1
-6 3
+6 1
+13 3
fi=(76) ./elf/../sysdeps/unix/sysv/linux/rseq-internal.h
-72 1
fe=(24)
+72 1
cfi=(10)
cfn=(24)
calls=1 405 
* 20
fi=(76)
-74 3
+2 6
+3 2
+3 1
fe=(24)
+83 3
+7 2
+2 1
+1 1
+1 3

fn=(84)
42 8
+2 16

fl=(7)
fn=(424)
76 2
+10 1
fi=(131) ./elf/../sysdeps/generic/dl-hash.h
-41 1
fe=(7)
+31 1
fi=(131)
-32 1
fe=(7)
+32 5
+11 1
-1 1
fi=(131)
-43 1
+5 3
+14 4
-17 3
+3 15
+14 20
-17 15
fe=(7)
+46 2
fi=(131)
-24 1
fe=(7)
+22 1
+2 2
fi=(131)
-19 1
fe=(7)
+19 1
cfn=(428) lookup_malloc_symbol
calls=1 -30 
* 575
+1 3
-1 1
+1 1
cfn=(428)
calls=1 -31 
* 575
+1 3
-1 1
+1 1
cfn=(428)
calls=1 -32 
* 561
+1 3
-1 1
+1 1
cfn=(428)
calls=1 -33 
* 553
+5 1
+1 1
+1 1
+1 1
+1 7

fn=(136)
239 2
+3 4
+2 2
+1 4
+4 33
+7 84
-2 56
+13 1
+4 4
-22 14
+15 14
-15 30

fn=(428)
61 8
+3 4
-3 16
+3 4
-3 4
+3 8
-1 4
+1 12
cfi=(79)
cfn=(280)
calls=4 840 
* 2104
+4 28
+1 28
+2 4
fi=(132) ./elf/./dl-sym-post.h
-30 8
+12 12
fe=(7)
+19 20

fn=(12)
42 1
+1 2
+1 2
+1 2
+1 2
+1 1

fl=(67)
fn=(220)
28 20
+1 40
cfi=(59)
cfn=(192)
calls=10 153 
* 98

fl=(36)
fn=(102)
120 5
+2 1

ob=(3)
fl=(158)
fn=(544)
25 13
+4 1
+1 2
-1 2
+1 1
-1 1
+1 1
-1 1
+1 1
-1 1
+1 1
cfi=(159) ./stdio-common/./stdio-common/vfscanf-internal.c
cfn=(546) __vfscanf_internal
calls=1 278 
* 3666
+4 5

fl=(149)
fn=(504)
83 1
+1 4
+1 3
+1 3
+2 1

fl=(109)
fn=(356)
31 1
fi=(206) ./string/../sysdeps/x86_64/multiarch/ifunc-strcasecmp.h
+1 5
fe=(109)
-1 1

fl=(163) ./libio/./libio/filedoalloc.c
fn=(558) _IO_file_doallocate
78 18
+6 8
fi=(183) ./libio/./libio/libioP.h
940 6
+2 4
+1 4
fe=(163)
84 6
cfi=(162) ./libio/./libio/fileops.c
cfn=(560) _IO_file_stat
calls=2 1146 
* 36
* 4
+2 8
+11 8
+4 4
cob=(2)
cfi=(51)
cfn=(566)
calls=2 0 
* 1991
* 2
+1 4
+2 8
cfi=(161) ./libio/./libio/genops.c
cfn=(592) _IO_setb
calls=2 329 
* 48
+1 2
+1 16

fl=(170) ./misc/./misc/sbrk.c
fn=(588) sbrk
37 4
+6 2
-6 2
+3 2
-3 4
+3 2
+3 2
+20 1
+15 10
-20 4
+1 2
cfi=(171) ./misc/../sysdeps/unix/sysv/linux/brk.c
cfn=(590) brk
calls=1 -24 
* 9
* 2
+4 1
-1 4
+4 4
+8 1
cfi=(171)
cfn=(590)
calls=1 -39 
* 9
* 2

fl=(162)
fn=(560)
1146 2
+1 4
cfi=(164) ./io/../sysdeps/unix/sysv/linux/fstat64.c
cfn=(562) fstat
calls=2 29 
* 30

fn=(652) _IO_do_write@@GLIBC_2.2.5
423 3
+2 9
+1 1
-3 2
fi=(183)
940 2
fe=(162)
423 4
fi=(183)
940 2
fe=(162)
423 2
fi=(183)
940 4
fe=(162)
423 10
+20 2
-10 4
+7 8
fi=(183)
942 4
+1 4
fe=(162)
448 8
cfn=(716) _IO_file_write@@GLIBC_2.2.5
calls=2 1173 
* 92
* 2
+1 10
+2 2
+4 4
-3 4
-1 4
+4 6
-2 2
-28 8
+1 16
+28 6

fn=(792) _IO_file_sync@@GLIBC_2.2.5
792 10
+5 8
+2 2
+1 4
+11 4
+4 8

fn=(596) _IO_file_read
1130 5
+1 5
+2 5
-1 5
+1 10
cfi=(172) ./io/../sysdeps/unix/sysv/linux/read.c
cfn=(598) read
calls=5 25 
* 40

fn=(554) _IO_file_underflow@@GLIBC_2.2.5
461 5
+4 15
-4 40
+7 10
+6 15
+3 10
+12 8
+9 10
fi=(183)
940 5
+2 5
-2 5
fe=(162)
505 10
cfi=(161)
cfn=(594) _IO_switch_to_get_mode
calls=5 164 
* 125
+6 5
+5 5
-5 5
fi=(183)
942 10
fe=(162)
511 5
fi=(183)
942 5
fe=(162)
511 15
fi=(183)
943 10
fe=(162)
516 20
cfn=(596)
calls=5 1130 
* 70
+2 10
+16 4
-9 4
+9 8
+2 8
+1 32
-6 1
-10 5
+11 1
-11 2
+16 8
-57 3
+5 2
cfi=(161)
cfn=(556) _IO_doallocbuf
calls=1 343 
* 1923
+4 4

fn=(650) _IO_file_overflow@@GLIBC_2.2.5
731 15
+1 12
+7 13
+37 2
-2 6
-32 2
+12 2
+9 3
+5 3
+2 2
-3 2
+3 1
+1 1
-6 1
+1 1
+5 4
+16 3
-12 3
+1 3
+11 6
-12 3
cfn=(652)
calls=3 423 
* 225
-31 2
cfi=(161)
cfn=(556)
calls=1 343 
* 306
+1 1
+9 1
-9 5

fn=(648) _IO_file_xsputn@@GLIBC_2.2.5
1197 7140
+7 1428
-7 4284
+6 5382
+9 2526
-2 5052
+17 3789
+1 1262
+3 3786
+2 1262
+2 1262
+2 2524
-2 1262
+1 1262
+1 1262
-2 1262
cob=(2)
cfi=(51)
cfn=(662)
calls=1262 0 
* 24246
* 1262
+4 2524
+28 12852
-36 1
+12 1
fi=(183)
940 3
+2 2
+1 2
fe=(162)
1243 1
fi=(183)
940 3
+2 2
+1 2
fe=(162)
1243 6
cfn=(650)
calls=2 731 
* 495
* 4
+6 4
+1 14
+2 4
+11 6
+1 8
cfi=(161)
cfn=(654) _IO_default_xsputn
calls=2 371 
* 149
+2 6

fn=(788) _IO_file_setbuf@@GLIBC_2.2.5
381 6
+1 2
cfi=(161)
cfn=(790) _IO_default_setbuf
calls=2 +70 
* 138
* 4
+3 2
+4 4
-2 6
+3 4

fn=(716)
1173 14
+2 12
+5 2
cfi=(190) ./io/../sysdeps/unix/sysv/linux/write.c
cfn=(718) write
calls=2 25 
* 18
+1 4
+5 2
+1 2
-12 4
+4 6
+1 4
+10 6
+3 12
-4 6

fl=(155) ./setjmp/../sysdeps/x86_64/setjmp.S
fn=(536) __sigsetjmp
30 1
+2 1
+9 1
+1 2
+1 1
+4 1
+1 1
+1 1
+1 1
+1 1
+2 2
+2 1
+1 1
+1 1
+2 2
+2 1
+5 1
+1 1
+17 1
cfi=(156) ./setjmp/./setjmp/sigjmp.c
cfn=(538) __sigjmp_save
calls=1 -56 
* 9

fl=(194)
fn=(728)
77 1
+3 3
+2 1
+2 2
-7 2
+11 2
+79 1
+3 1
+2 1
+3 1
+2 1
+1 3
-81 2
+11 4
+4 1
+3 2
-71 1
+1 8
+1 1
+84 3
+1 2

fl=(105)
fn=(346)
31 1
fi=(206)
+1 5
fe=(105)
-1 1

fl=(137) ./ctype/./ctype/ctype-info.c
fn=(442) __ctype_init
29 1
+2 7
+2 4
+2 4
+1 1

fl=(81)
fn=(290)
86 1
fi=(82) ./string/../sysdeps/x86/cacheinfo.h
-25 1
+3 3
+2 1
+1 1
-1 2
+7 3
+2 1
+1 1
-1 2
+5 2
+2 2
+1 2
+1 2
+2 2
fe=(81)
* 2

fl=(168) ./stdlib/../sysdeps/unix/sysv/linux/getrandom.c
fn=(574) getrandom
28 1
+1 7
+1 1

fl=(186)
fn=(702)
25 1815
+7 165
-4 330
+4 330
-4 165
+5 165
-1 165
+1 165
-5 165
+4 165
+1 165
-1 165
+1 165
cfi=(187) ./stdio-common/./stdio-common/vfprintf-internal.c
cfn=(704) __vfprintf_internal
calls=165 1180 
* 209321
+4 825

fl=(87)
fn=(302)
29 1
fi=(88) ./wcsmbs/../sysdeps/x86_64/multiarch/ifunc-wcslen.h
+5 4
-1 2
+2 3
+2 2
+4 3
+3 3
fe=(87)
-15 1

fl=(99)
fn=(332)
30 1
fi=(95) ./wcsmbs/../sysdeps/x86_64/multiarch/ifunc-avx2.h
+3 5
-1 2
+2 3
+2 2
+4 3
+3 4
fe=(99)
-13 1

fl=(160) ./nptl/./nptl/libc-cleanup.c
fn=(548) __libc_cleanup_push_defer
24 168
+3 336
+3 672
+1 168
+2 168
+1 168

fn=(606) __libc_cleanup_pop_restore
39 168
+3 336
+2 336
+1 336
+2 168

fl=(152) ./stdlib/./stdlib/cxa_atexit.c
fn=(512) __cxa_atexit
69 9
-28 2
+2 6
+1 2
cfn=(514) __new_exitfn
calls=1 +38 
* 32
+2 2
+10 1
+2 1
-5 3
+3 1
-1 1
+4 2
+1 1
-1 2
+12 6

fn=(514)
82 1
+6 2
-6 4
+11 4
-10 2
+12 4
-2 1
+10 1
-10 3
+45 1
+5 1
-4 1
+4 4
-18 1
-1 1
+1 1

fl=(191) ./stdlib/./stdlib/exit.c
fn=(722) __run_exit_handlers
40 11
+5 2
+3 5
+50 1
-42 1
+2 3
+8 6
+2 1
+3 1
-3 1
+3 6
+34 1
+1 1
+1 1
-2 1
+7 1
-3 2
+3 3
+1 3
cob=(1)
cfi=(193)
cfn=(726)
calls=1 -82 
* 897
+1 4
+10 2
+1 2
-63 1
+69 4
+2 2
+1 6
cfi=(161)
cfn=(780) _IO_cleanup
calls=1 863 
* 641
* 3
+2 2
cfi=(199) ./posix/../sysdeps/unix/sysv/linux/_exit.c
cfn=(794) _Exit
calls=1 27 
* 5
-90 1
cfi=(192) ./stdlib/./stdlib/cxa_thread_atexit_impl.c
cfn=(724) __call_tls_dtors
calls=1 149 
* 12
* 1

fn=(720) exit
142 3
+1 3
-1 1
+1 1
cfn=(722)
calls=1 40 
* 1634

fl=(171)
fn=(590)
35 2
+1 8
+1 4
+6 2
+1 2

fl=(197) ./posix/./posix/register-atfork.c
fn=(742) __unregister_atfork
76 4
+1 2
-1 2
+1 6
fi=(198) ./posix/../malloc/dynarray-skeleton.c
243 2
fe=(197)
65 4
+38 8
+1 4

fl=(85)
fn=(298)
29 1
fi=(207) ./string/../sysdeps/x86_64/multiarch/ifunc-sse4_2.h
+1 5
fe=(85)
-1 1

fl=(128)
fn=(408)
31 1
fi=(124) ./string/../sysdeps/x86_64/multiarch/ifunc-evex.h
+4 5
-1 2
+2 3
+5 2
-3 2
+9 3
+3 4
fe=(128)
-19 1

fl=(147) ./misc/./misc/init-misc.c
fn=(498) __init_misc
30 1
+1 2
-1 4
+1 3
+2 3
cob=(2)
cfi=(51)
cfn=(500)
calls=1 -33 
* 36
+4 5
+1 3
+2 4

fl=(118)
fn=(380)
29 2
fi=(84) ./string/../sysdeps/x86_64/multiarch/ifunc-avx2.h
+4 10
-1 4
+2 6
+2 4
+4 6
+3 8
fe=(118)
-14 2

fl=(146)
fn=(496)
46 4
+5 2
+4 5
+8 1
-2 1
+10 1
-9 1
+1 1
+9 2
-1 1
cfi=(147)
cfn=(498)
calls=1 -41 
* 61

fl=(100)
fn=(336)
31 1
fi=(101) ./string/../sysdeps/x86_64/multiarch/ifunc-strcpy.h
+5 2
+1 1
-1 2
+1 2
+2 2
+4 3
+3 3
fe=(100)
-15 1

fl=(136)
fn=(440)
33 7
+2 1
cfi=(137)
cfn=(442)
calls=1 -6 
* 17
+3 1
fi=(139) ./elf/../sysdeps/nptl/pthread_early_init.h
-5 2
fe=(136)
+8 1
-3 1
fi=(139)
-5 1
cfi=(138) ./resource/../sysdeps/unix/sysv/linux/getrlimit64.c
cfn=(444) getrlimit
calls=1 +5 
* 10
* 3
+1 6
+11 1
fi=(208) ./elf/../nptl/nptl-stack.h
+13 3
fi=(139)
-13 1
fi=(208)
+13 2
fi=(139)
-4 1
fi=(208)
+4 2
fi=(139)
-6 1
fi=(208)
+6 1
fi=(139)
-12 1
+6 6
+1 1
+4 1
cfi=(140) ./nptl/./nptl/pthread_mutex_conf.c
cfn=(448) __pthread_tunables_init
calls=1 -7 
* 884
fe=(136)
-10 3
+2 2
-2 1
cfi=(143) ./nptl/../sysdeps/unix/sysv/linux/x86/elision-conf.c
cfn=(462) __lll_elision_init
calls=1 +49 
* 147

fl=(161)
fn=(600) _IO_sputbackc
635 25
+3 15
+1 10
+9 5
+3 20
-10 10
+1 5
+5 5

fn=(550) __uflow
299 25
+1 15
+5 15
+3 5
173 5
308 10
+2 10
+6 10
+7 5
fi=(183)
940 15
+2 10
+1 10
fe=(161)
323 5
+1 5
-1 5
+1 10
-1 5
cfn=(552) _IO_default_uflow
calls=5 +38 
* 2549
-23 10
+21 15

fn=(782) _IO_flush_all_lockp
686 12
+5 6
cfi=(160)
cfn=(548)
calls=1 24 
* 10
+1 9
+3 1
-8 1
+5 2
+3 2
fi=(183)
940 4
fe=(161)
706 1
fi=(183)
942 2
+1 2
fe=(161)
706 3
cfi=(162)
cfn=(650)
calls=1 +25 
* 133
+1 3
+2 6
+2 3
-16 9
+2 3
+1 6
+3 20
+14 9
+1 2
cfi=(160)
cfn=(606)
calls=1 39 
* 8
+4 12

fn=(790)
452 4
fi=(183)
940 2
fe=(161)
452 4
fi=(183)
940 2
fe=(161)
452 2
fi=(183)
940 2
fe=(161)
452 8
+1 2
fi=(183)
942 4
+1 4
fe=(161)
453 4
cfi=(162)
cfn=(792)
calls=2 792 
* 36
* 4
+4 2
330 2
462 2
-7 4
332 4
+5 2
-5 2
+5 2
467 2
332 2
466 8
+2 12
-11 2
+1 4
-1 2
330 8

fn=(654)
371 2
+3 4
-3 16
fi=(183)
940 2
fe=(161)
371 2
fi=(183)
940 2
fe=(161)
371 2
fi=(183)
940 2
fe=(161)
371 4
+18 4
+8 2
+2 4
-20 8
+2 6
+3 4
+20 2
-29 2
+29 14
-11 18
+1 12
-1 6
+1 2
-1 3
+1 10
-1 16

fn=(780)
863 2
+3 1
-3 9
-77 1
+80 1
cfn=(782)
calls=1 686 
* 269
-80 2
+80 1
-80 3
cfi=(160)
cfn=(548)
calls=1 24 
* 10
+1 9
+3 1
-3 2
+3 2
fi=(183)
940 4
fe=(161)
838 3
-48 9
+9 9
+2 6
+6 26
+8 10
+9 2
fi=(183)
942 4
+1 4
fe=(161)
824 8
cfi=(162)
cfn=(788)
calls=2 381 
* 166
+2 6
+4 10
+1 16
+11 9
+1 2
cfi=(160)
cfn=(606)
calls=1 39 
* 8
+35 12
-59 2
-2 2
+3 2
-3 2
+2 6

fn=(556)
343 2
+1 4
-1 6
+3 8
+1 2
fi=(183)
940 6
+2 4
+1 4
fe=(161)
347 4
cfi=(163)
cfn=(558)
calls=2 78 
* 2177
* 4
+3 8

fn=(592)
329 18
+1 8
+5 4
-3 2
+3 8
+3 8

fn=(594)
164 25
+1 15
+3 15
+4 10
+1 10
+7 5
-4 5
+4 5
-2 10
+3 5
+1 20

fn=(552)
361 10
fi=(183)
940 10
fe=(161)
361 5
fi=(183)
940 5
fe=(161)
361 10
+1 5
fi=(183)
942 10
+1 10
fe=(161)
362 10
cfi=(162)
cfn=(554)
calls=5 +99 
* 2428
+1 10
+2 16
+1 20

fl=(127)
fn=(406)
31 1
fi=(206)
+1 5
fe=(127)
-1 1

fl=(102)
fn=(340)
31 2
fi=(103) ./wcsmbs/../sysdeps/x86_64/multiarch/ifunc-evex.h
+4 10
-1 4
+2 6
+5 4
-3 4
+9 6
+3 8
fe=(102)
-19 2

fl=(192)
fn=(724)
149 4
+1 4
+18 4

fl=(91)
fn=(310)
29 1
fi=(88)
+5 4
-1 2
+2 3
+2 2
+4 3
+3 3
fe=(91)
-15 1

fl=(106)
fn=(348)
29 1
fi=(207)
+1 5
fe=(106)
-1 1

fl=(125)
fn=(400)
29 1
fi=(207)
+1 5
fe=(125)
-1 1

fl=(148)
fn=(502)
46 1
+1 1
+1 1
+2 1
+1 1
+3 1
+1 1
+1 1
+33 1
+1 1
+1 1
+1 1
+1 1
+1 1
+1 1
+1 1
+1 1
+1 1
+3 1
+1 1
+9 1
+1 1
+98 1
+1 1
+8 1
+1 1
+1 1
+1 1
+1 1
+2 1
+1 1
+1 1
+1 2

fl=(156)
fn=(538)
28 3
+2 2
-1 1
+5 3

fl=(166)
fn=(578) tcache_init.part.0
3235 3
+9 8
+1 3
cfn=(580) _int_malloc
calls=1 1343 
* 367
* 1
+1 2
+8 4
+7 2
+2 1
+1 2
-1 1
+1 86
+3 4

fn=(582) sysmalloc
2548 9
+20 4
+11 2
+1 3
+26 1
+1 3
+1 1
+9 4
+6 3
+3 3
2941 2
+1 1
+5 2
+3 2
+5 2
-2 1
+2 1
-1 1
+1 1
-3 1
+3 1
+1 1
-1 3
+1 1
+2 2
+6 11
2687 2
+9 4
+13 3
+8 5
+8 2
+39 2
+2 3
+6 2
+3 2
2896 1
-1 1
+1 3
+1 1
+11 2
fi=(167) ./malloc/./malloc/arena.c
565 1
fe=(166)
2727 1
cfi=(169) ./malloc/./malloc/morecore.c
cfn=(586) __glibc_morecore
calls=1 25 
* 57
+1 2
-1 1
+1 1
2028 1
2729 1
2028 1
2729 1
2028 2
2730 1
+3 2
+33 2
2610 2
2775 2
+40 3
+22 1
+1 1
-1 1
+1 6
+2 2
+1 3
cfi=(169)
cfn=(586)
calls=1 25 
* 28
+12 2
-12 1
+12 1
2028 4
2897 4
2765 2
-52 3

fn=(568)
3287 12114
+7 4038
1343 4036
+19 8076
3306 8076
+3 4036
+10 1320
+28 2200
1362 2018
3304 6054
-63 4
cfn=(578)
calls=1 -6 
* 484
+68 2
+2 6051
3193 3158
+1 3158
+2 1579
+1 1579
-1 4737
+1 1579
+1 1579
3347 7895
-26 1760
cfn=(580)
calls=440 1343 
* 62848
+1 2200
fi=(167)
162 880
315 1
cfn=(572) ptmalloc_init.part.0
calls=1 -2 
* 1128
fe=(166)
1343 2

fn=(690) _int_free
4421 15384
+10 1923
-10 5769
+10 3846
+6 9615
+1 3846
+4 7692
+8 9615
-1 3846
+1 3846
+29 1923
-20 1923
-6 1923
+6 3846
+20 7692
+14 968
+11 1936
+2 1452
2012 1452
4527 484
+1 484
+4 1452
+2 1452
+4 968
+2 1936
+1 484
+19 1872
4702 21153
3181 1439
+4 1439
-4 1439
+2 5756
+1 1439
+1 1439
4482 1439

fn=(580)
1343 882
3771 441
1362 441
3771 3528
1362 882
3904 394
+2 394
-2 394
+2 788
1362 882
3811 882
4397 882
3838 882
+63 6
+62 70
+1 6
3847 90
-6 45
+9 45
+1 45
-1 90
+1 225
+5 90
+1 90
+7 45
-1 90
+1 225
+5 45
+1 45
3183 45
3870 45
+5 770
3181 308
+2 154
+2 154
-2 308
+2 154
-8 154
+8 154
3869 154
+1 857
+2 308
+2 154
+1 154
-1 308
-21 1314
-10 438
+2 2055
4399 788
3903 394
4399 5122
3983 394
+1 394
-1 788
-1 788
+2 788
-1 2
+1 2
-1 4
-1 4
+2 4
-2 1185
+12 395
-6 395
+73 1580
-67 1186
-6 1
+73 4
-67 3
2005 135
4413 3969
4183 792
+2 6
+3 2
-3 2
+3 4
+68 792
+1 396
+1 396
-1 396
+1 396
+1 792
+1 1188
+5 792
+4 1188
+3 1576
-3 1182
+3 1576
-3 788
+3 1179
+97 396
+1 792
+2 792
+3 1190
+17 3
3904 3
4380 395
-2 790
+2 395
-1 395
+6 395
-5 395
-3 395
+3 395
+2 395
-2 1580
2005 395
4382 395
2005 790
4407 4
cfn=(582)
calls=1 2548 
* 239
* 1
+1 2
2005 3

fn=(686)
3352 1923
+4 3846
-4 1923
+14 1923
-14 3846
+12 1923
+4 1923
-4 1923
+4 3846
+17 5769
fi=(167)
162 5769
fe=(166)
3391 3846
cfn=(690)
calls=1923 4421 
* 133172
+3 1923
+1 7692

fl=(119)
fn=(384)
29 1
fi=(101)
+7 2
+1 1
-1 2
+1 2
+2 2
+4 3
+3 3
fe=(119)
-17 1

fl=(199)
fn=(794)
27 2
+3 1
+1 2

fl=(107)
fn=(350)
43 1
-6 5
+6 1

fl=(143)
fn=(462)
96 2
+5 1
-5 1
+5 1
-5 3
+5 3
cob=(2)
cfi=(51)
cfn=(450)
calls=1 0 
* 22
+2 4
cob=(2)
cfi=(51)
cfn=(450)
calls=1 0 
* 22
+2 4
cob=(2)
cfi=(51)
cfn=(450)
calls=1 0 
* 22
+2 4
cob=(2)
cfi=(51)
cfn=(450)
calls=1 0 
* 22
+2 4
cob=(2)
cfi=(51)
cfn=(450)
calls=1 0 
* 22
+4 3
+1 1
+1 6

fl=(159)
fn=(546)
278 13
+10 5
+1 1
fi=(175) ./stdio-common/../include/scratch_buffer.h
78 1
fe=(159)
289 1
fi=(175)
77 2
fe=(159)
339 1
fi=(175)
77 1
fe=(159)
339 4
+6 4
+3 4
+4 2
+13 1
-6 1
+8 2
-8 1
+8 1
+5 1
-5 1
+5 6
cfi=(160)
cfn=(548)
calls=1 24 
* 10
* 3
+9 1
-4 1
+4 3
570 1
284 1
-1 1
+10 1
-11 1
570 2
2429 4
328 2
+4 1
-5 1
-1 1
-1 1
-12 1
2180 1
2429 1
2180 5
418 8
+24 8
+1 8
+3 10
-65 16
3015 8
+3 21
+1 15
-1 6
222 4
+1 4
-1 2
488 2
222 2
488 4
222 2
488 4
372 11
482 2
+22 8
+25 2
-4 8
+7 20
+80 4
+5 2
-1 4
+1 4
+1 3
+3 6
+1 16
+6 15
+3 4
-3 2
+3 10
-3 1
+3 4
-3 6
+4 14
+1 10
+4 4
-4 4
cfi=(161)
cfn=(600)
calls=2 +2 
* 38
+4 16
-9 2
cfi=(161)
cfn=(550)
calls=1 299 
* 2092
* 2
3025 13
cfi=(160)
cfn=(606)
calls=1 39 
* 8
fi=(175)
85 3
fe=(159)
3029 2
+17 2
+6 12
442 2
+6 4
618 3
1398 20
+5 6
+9 12
1733 4
+9 2
fi=(175)
113 8
fe=(159)
1742 4
fi=(175)
113 6
fe=(159)
1740 78
260 24
1797 12
260 24
+3 36
1799 48
+2 108
-68 24
+2 28
+2 10
+67 4
206 2
1811 4
214 4
1812 4
+28 12
cfi=(161)
cfn=(600)
calls=2 635 
* 38
260 6
+3 6
1844 4
1669 2
206 2
1862 4
1669 4
1861 6
+1 2
cfi=(173)
cfn=(602) __strtol_internal
calls=2 97 
* 402
* 2
+6 6
+3 10
+6 2
-4 4
+4 4
+23 4
1390 2
-1 2
+2 2
1742 10
1435 8
+3 8
3020 5
cfi=(161)
cfn=(600)
calls=1 635 
* 19
* 1
1879 4
+17 20
-15 4
+1 6

fl=(169)
fn=(586)
25 2
+1 4
-1 2
+4 2
cfi=(170)
cfn=(588)
calls=2 +8 
* 67
+1 4
+4 4

fl=(140)
fn=(448)
50 2
+1 2
-1 4
+1 3
cob=(2)
cfi=(51)
cfn=(450)
calls=1 -51 
* 840
+2 4
cob=(2)
cfi=(51)
cfn=(450)
calls=1 -53 
* 23
+2 6

fl=(189) ./stdio-common/./stdio-common/_itoa.c
fn=(710) _itoa_word
163 660
+3 1320
+2 660
+9 9900
+9 660

fl=(165) ./io/../sysdeps/unix/sysv/linux/fstatat64.c
fn=(564) fstatat
153 4
-55 4
+70 6
+1 2

fl=(180)
fn=(664)
294 1262
+1 1262
+1 1262
+1 1262
+17 1262
+1 1262
+42 1262
+1 1262
+2 1140
+1 1140
+2 864
+4 864
+1 826
+1 826
+1 826
+1 826
+1 241
+1 241
+2 241
+2 241
-2 585
+2 585
+6 38
+1 38
+1 38
+1 38
+1 38
+7 122
+1 122
+1 122
+1 122
+2 122
+17 276
+1 276
+1 276
+1 276
+1 276

fn=(628)
307 322
+1 322
+6 322
+1 322
+42 322
+1 322
+2 55
+1 55
+33 267
+1 267
+1 267
+1 267
+2 267
+17 55
+1 55
+1 55
+1 55
+1 55

fl=(164)
fn=(562)
29 4
+1 4
+5 6
cfi=(165)
cfn=(564)
calls=2 153 
* 16

fl=(120)
fn=(388)
29 1
fi=(121) ./wcsmbs/../sysdeps/x86_64/multiarch/ifunc-memcmp.h
+5 2
+1 1
-1 2
+1 2
+1 2
+1 3
+2 2
+4 3
+3 3
fe=(120)
-17 1

fl=(153) ./csu/../sysdeps/nptl/libc_start_call_main.h
fn=(532) (below main)
29 4
+15 1
-15 5
+15 1
cfi=(154) ./setjmp/../sysdeps/x86_64/bsd-_setjmp.S
cfn=(534) _setjmp
calls=1 -16 
* 34
* 1
+2 2
+5 2
+1 2
+3 2
+3 6
cob=(5)
cfi=(157)
cfn=(540)
calls=1 +17 
* 1826128
* 1
+16 1
cfi=(191)
cfn=(720)
calls=1 +68 
* 1642

fl=(173)
fn=(638)
105 491
+1 1964
cfi=(174) ./stdlib/../stdlib/strtol_l.c
cfn=(604) ____strtol_l_internal
calls=491 225 
* 60345

fn=(602)
97 2
+1 6
cfi=(174)
cfn=(604)
calls=2 225 
* 394

fl=(195)
fn=(730)
367 1
51 3
+1 2
367 1
57 2
+8 1
-3 1
-23 1
+1 2
+30 1
369 2
40 3
+1 2
+33 2
+6 4
+4 3
+3 3

fl=(172)
fn=(598)
25 5
+1 30
+1 5

fl=(176)
fn=(612)
34 81306
+3 27102
+1 81294
+5 67751
-5 4
cfi=(161)
cfn=(550)
calls=4 299 
* 647

fl=(94)
fn=(318)
31 2
fi=(95)
+2 10
-1 4
+2 6
+2 4
+4 6
+3 8
fe=(94)
-12 2

fl=(184)
fn=(660)
83 5682
+23 5682
+1 5682
+2 5682
+1 5682
+1 5682
+1 5682
+1 5682
+2 4905
+1 4905
+1 4905
+1 4905
+1 4905
+1 4905
+1 4905
+1 4905
+18 4905
+1 4905
+1 4905
+3 9810
656 637
+2 637
+1 637
+1 637
+1 637
+9 637
+1 637
+3 637
+1 637
+3 86
+4 172
+36 691
+1 691
+4 691
+11 691
+1 691
+1 691
+2 1382
+10 777
+1 777
+2 599
+1 599
+1 599
+1 599
+1 599
+1 599
+1 599
+15 178
+1 178
+1 178
+1 178
+1 178
+1 178
+1 178
+1 178
+1 178
+2 86
+2 86
+13 86
+1 86
+23 86
+1 86
+31 86
+1 86
+2 86
+1 86

fl=(188)
fn=(708)
51 660
+2 660
+1 660
+1 660
+1 660
+1 660
+3 660
+1 660
+4 660
+1 660
+1 660
+1 660
+1 660
+1 660
+1 660
+1 660
+6 660
+1 1320

fl=(178)
fn=(622)
50 661
+13 661
+1 661
+1 661
+3 661
+2 661
+1 661
+3 661
+1 661
+8 661
+1 661
+1 661
+5 1322

fl=(89)
fn=(306)
29 1
fi=(90) ./string/../sysdeps/x86_64/multiarch/ifunc-memset.h
+21 5
+3 3
+7 2
+9 2
+2 2
+10 2
+8 2
+2 5
fe=(89)

fl=(97)
fn=(324)
28 1
fi=(84)
+5 5
-1 2
+2 3
+2 2
+4 3
+3 4
fe=(97)
-15 1

fl=(110)
fn=(358)
29 1
fi=(111) ./string/../sysdeps/x86_64/multiarch/ifunc-memcmp.h
+5 2
+1 1
-1 2
+1 2
+1 2
+1 3
+2 2
+4 3
+3 3
fe=(110)
-17 1

fl=(122)
fn=(392)
33 1
fi=(101)
+3 2
+1 1
-1 2
+1 2
+2 2
+4 3
+3 3
fe=(122)
-13 1

fl=(96)
fn=(322)
61 1
-20 2
+1 1
-1 2
-1 2
+2 2
+2 2
+4 3
+3 3
+10 1

fl=(116)
fn=(374)
29 1
fi=(101)
+7 2
+1 1
-1 2
+1 2
+2 2
+4 3
+3 3
fe=(116)
-17 1

fl=(190)
fn=(718)
25 2
+1 14
+1 2

fl=(138)
fn=(444)
38 2
+1 7
+1 1

fl=(182)
fn=(644)
33 2184
+2 273
cob=(2)
cfi=(51)
cfn=(646)
calls=273 -35 
* 4368
+1 273
-1 273
+1 3276
+3 273
-3 273
+3 273
-3 273
+3 546
-1 544
+1 1
+1 1
fi=(183)
940 3
+2 2
+1 2
fe=(182)
40 272
fi=(183)
940 816
+2 544
+1 544
fe=(182)
40 819
cfi=(162)
cfn=(648)
calls=273 1197 
* 17601
* 546
+1 1911
+1 1092
fi=(183)
883 546
+1 2730
fe=(182)
46 1911

fl=(123)
fn=(396)
29 1
fi=(124)
+6 5
-1 2
+2 3
+5 2
-3 2
+9 3
+3 4
fe=(123)
-21 1

fl=(167)
fn=(572)
313 1
fi=(166)
3162 3
fe=(167)
313 5
+5 1
fi=(166)
3162 2
cfi=(168)
cfn=(574)
calls=1 28 
* 9
* 2
fe=(167)
343 2
+4 3
fi=(166)
1966 4
+3 1
-3 1
+3 2
-3 2
+3 126
-3 126
+3 252
-3 252
fe=(167)
352 3
fi=(166)
1977 1
+1 1
+2 1
fe=(167)
352 1
cob=(2)
cfi=(51)
cfn=(450)
calls=1 0 
* 23
+1 4
cob=(2)
cfi=(51)
cfn=(450)
calls=1 0 
* 22
+1 4
cob=(2)
cfi=(51)
cfn=(450)
calls=1 0 
* 23
+1 4
cob=(2)
cfi=(51)
cfn=(450)
calls=1 0 
* 23
+1 4
cob=(2)
cfi=(51)
cfn=(450)
calls=1 0 
* 22
+1 4
cob=(2)
cfi=(51)
cfn=(450)
calls=1 0 
* 23
+1 4
cob=(2)
cfi=(51)
cfn=(450)
calls=1 0 
* 23
+2 4
cob=(2)
cfi=(51)
cfn=(450)
calls=1 0 
* 23
+1 4
cob=(2)
cfi=(51)
cfn=(450)
calls=1 0 
* 23
+1 4
cob=(2)
cfi=(51)
cfn=(450)
calls=1 0 
* 23
+3 4
cob=(2)
cfi=(51)
cfn=(450)
calls=1 0 
* 23
+1 4
cob=(2)
cfi=(51)
cfn=(450)
calls=1 0 
* 23
+1 2
+63 7

fl=(174)
fn=(604)
225 1479
+54 493
-54 1972
+19 493
-19 1479
+14 493
-14 493
+26 986
+31 1972
+9 2958
+2 986
+5 986
-1 493
+6 986
+4 986
+10 986
+10 1972
-82 986
377 493
+56 1972
309 493
449 493
+10 1479
-10 493
+10 493
+12 986
-5 1069
+5 1069
+1 3207
-41 2138
+2 3290
+2 3207
+28 3207
+3 2138
+11 986
+5 1479
+1 2
+5 986
324 986
491 1479
-2 986
+17 2465
+18 3944

fl=(154)
fn=(534)
28 1
+2 1
+2 1
cfi=(155)
cfn=(536)
calls=1 -2 
* 31

fl=(187)
fn=(704)
1180 1980
+30 825
+8 495
+4 825
+11 330
+11 165
fi=(209) ./stdio-common/./stdio-common/printf-parse.h
111 330
fe=(187)
1244 825
fi=(209)
111 165
cob=(2)
cfi=(51)
cfn=(706)
calls=165 0 
* 3465
fe=(187)
1259 165
fi=(209)
111 165
fe=(187)
1259 495
239 165
fi=(210) ./stdio-common/../libio/libioP.h
940 165
fe=(187)
1263 165
fi=(210)
942 165
-2 165
fe=(187)
1263 165
fi=(210)
940 330
+2 330
+1 330
fe=(187)
239 660
cfi=(162)
cfn=(648)
calls=165 1197 
* 3300
* 330
127 1485
1263 330
+4 495
+4 1320
1532 165
1214 165
+34 165
-8 165
1532 495
+23 165
-39 165
+39 165
-39 165
+39 330
1313 7425
+39 495
-51 495
-1 495
-1 495
-1 495
+5 495
1501 495
fi=(209)
88 495
fe=(187)
1352 495
-46 495
-4 495
+50 495
1501 495
1295 495
-1 495
-1 495
-1 495
-1 495
+16 990
1608 330
+1 330
+3 1980
-4 1485
1218 330
+41 660
cfi=(160)
cfn=(548)
calls=165 24 
* 1650
+1 2145
-1 330
1609 330
cfi=(160)
cfn=(606)
calls=165 39 
* 1320
+2 165
-47 165
-47 3630
-1 4290
cfi=(189)
cfn=(710)
calls=330 163 
* 13200
* 10230
192 660
+47 330
fi=(210)
942 990
+1 660
fe=(187)
239 1320
cfi=(162)
cfn=(648)
calls=330 1197 
* 22262
* 660
127 5445
1517 990
-54 330
+53 660
+73 495
fi=(209)
111 495
fe=(187)
1583 495
fi=(209)
111 990
cob=(2)
cfi=(51)
cfn=(706)
calls=495 0 
* 10395
fe=(187)
239 495
fi=(210)
942 495
fe=(187)
1593 495
fi=(209)
111 495
fi=(210)
942 495
fe=(187)
1593 495
fi=(210)
942 495
+1 990
fe=(187)
239 1980
cfi=(162)
cfn=(648)
calls=495 1197 
* 32670
* 990
127 6435
1593 990
+2 1155
-79 6600
192 660
1392 660
1516 2640
+1 330
cob=(2)
cfi=(51)
cfn=(646)
calls=165 0 
* 2640
* 330
-1 3300
239 165
fi=(210)
942 495
+1 330
fe=(187)
239 660
cfi=(162)
cfn=(648)
calls=165 1197 
* 10509
* 330
127 990
1516 660

fl=(98)
fn=(328)
29 2
fi=(93) ./string/../sysdeps/x86_64/multiarch/ifunc-memmove.h
+24 6
-1 4
+4 6
+14 4
+2 4
+8 4
+8 4
+2 10
fe=(98)

fl=(112)
fn=(362)
31 2
fi=(113) ./wcsmbs/../sysdeps/x86_64/multiarch/ifunc-wmemset.h
+2 10
+1 6
+2 4
+8 6
+3 8
fe=(112)
-16 2

fl=(117)
fn=(378)
31 1
fi=(206)
+1 5
fe=(117)
-1 1

fl=(196)
fn=(740)
30 4
+3 4
-3 14
+3 8
+3 6
+4 12
-4 6
+58 8
+4 12
-4 6
+11 4
+1 4
cfi=(197)
cfn=(742)
calls=2 -30 
* 32
+1 8
+1 16

fl=(92)
fn=(314)
29 2
fi=(93)
+24 6
-1 4
+4 6
+14 4
+2 4
+8 4
+8 4
+2 10
fe=(92)

fl=(104)
fn=(344)
66 1
-25 4
+1 3
+2 2
+5 3
+3 3
+14 1

fl=(114)
fn=(366)
29 1
fi=(84)
+4 5
-1 2
+2 3
+2 2
+4 3
+3 4
fe=(114)
-14 1

fl=(151)
fn=(510)
242 12
343 3
+1 3
cfi=(152)
cfn=(512)
calls=1 69 
* 71
+25 6
+6 2
-3 2
+10 2
cob=(2)
cfi=(51)
cfn=(526)
calls=1 0 
* 836
+2 2
+8 4
cfi=(153)
cfn=(532)
calls=1 29 
* 1827832
128 2
+6 3
+1 6
cob=(2)
cfi=(51)
cfn=(516)
calls=1 0 
* 7
* 1
+3 1
+1 2
+3 2
+1 2
-1 1
+2 7
+1 4
cob=(5)
cfi=(150)
cfn=(520)
calls=1 0 
* 12
-1 4

fl=(126)
fn=(402)
33 1
fi=(93)
+20 3
-1 2
+4 3
+14 2
+2 2
+8 2
+8 2
+2 5
fe=(126)

fl=(115)
fn=(370)
31 1
fi=(84)
+2 5
-1 2
+2 3
+2 2
+4 3
+3 4
fe=(115)
-12 1

fl=(86)
fn=(300)
65 2
-24 4
+1 2
-1 4
+1 4
+2 4
+5 6
+3 6
+13 2

fl=(108)
fn=(352)
29 1
fi=(101)
+7 2
+1 1
-1 2
+1 2
+2 2
+4 3
+3 3
fe=(108)
-17 1

fl=(83)
fn=(294)
31 2
fi=(84)
+2 10
-1 4
+2 6
+2 4
+4 6
+3 8
fe=(83)
-12 2

totals: 1970036
