# callgrind format
version: 1
creator: callgrind-3.18.1
pid: 27490
cmd:  ./Bakery_veloce3
part: 1


desc: I1 cache: 
desc: D1 cache: 
desc: LL cache: 

desc: Timerange: Basic block 0 - 3847084
desc: Trigger: Program termination

positions: line
events: Ir
summary: 10272550


ob=(5) /home/tia/Prog/Bakery_veloce3
fl=(150) ???
fn=(758) 0x0000000000001df0
0 5

fn=(742) 0x0000000000001e60
0 9
cob=(2) ???
cfi=(51) ???
cfn=(748) 0x0000000000109100
calls=1 0 
0 74
0 1
cfn=(758)
calls=1 0 
0 5
0 3

fn=(508) (below main)
0 12
cob=(3) /usr/lib/x86_64-linux-gnu/libc.so.6
cfi=(151) ./csu/../csu/libc-start.c
cfn=(510) __libc_start_main@@GLIBC_2.34
calls=1 242 
0 10129404

fn=(520) 0x0000000000001ea0
0 12

fl=(157) /home/tia/Prog/Bakery_veloce3.c
fn=(678) delete_expired
783 220
+5 1799475
+1 1800555
-1 525
+20 120
-9 38
+6 97
-12 60
+6 2
+1 2
1200 1
+9 1
cob=(2)
cfi=(51)
cfn=(688) 0x0000000000109110
calls=1 0 
* 112
* 19
cob=(2)
cfi=(51)
cfn=(688)
calls=19 0 
* 1851
+1 40
800 38
1206 38
+1 38
797 1
+4 1
1200 1
-1 1
+1 1
-1 2
801 19
1200 19
-1 19
+1 19
-1 38
+4 38
800 38

fn=(708) move_order
533 67
+2 201
+7 66
+16 132
-16 132
+16 128
+6 399
-6 798
+1 1832
+8 177
+1 46
+1 18
+1 18
+1 18
+1 36
-29 4
+1 2
+1 4
+1 2
+1 4
-11 1
+1 1
+1 1
+1 2
+28 10
+15 15
+7 41
+1 41
+1 82
+1 41
+5 41
-11 5
-10 5
-1 5
+1 5
+1 10
+1 10

fn=(710) decrease_ingr
1175 680
+2 85
+2 170
+7 890
+2 890
cob=(2)
cfi=(51)
cfn=(688)
calls=445 0 
* 41955
-9 890
+2 1112
+1 2780
+18 111
-1 111
+1 111
-1 222
+4 212
+3 212
+1 106
+2 106
cob=(2)
cfi=(51)
cfn=(688)
calls=106 0 
* 10457
* 5
cob=(2)
cfi=(51)
cfn=(688)
calls=5 0 
* 518
-21 222
cob=(2)
cfi=(51)
cfn=(688)
calls=111 0 
* 10503
-9 222
+11 85
+1 85
+1 85
+1 510
+7 10
+4 208

fn=(696) insert_update_im
810 384
+2 192
-2 576
+2 192
-2 768
+2 192
-2 192
+2 384
+11 728
cob=(2)
cfi=(51)
cfn=(664) 0x0000000000109170
calls=182 0 
* 5265
* 182
-1 364
+25 364
+36 1456
-59 364
-11 20
cob=(2)
cfi=(51)
cfn=(622) 0x00000000001091a0
calls=10 0 
* 1746
+1 10
-1 10
+1 20
cob=(2)
cfi=(51)
cfn=(624) 0x0000000000109140
calls=10 0 
* 160
* 20
cob=(2)
cfi=(51)
cfn=(622)
calls=10 0 
* 590
fi=(180) /usr/include/x86_64-linux-gnu/bits/string_fortified.h
79 10
fe=(157)
814 20
fi=(180)
79 10
cob=(2)
cfi=(51)
cfn=(700) 0x0000000000109120
calls=10 -79 
* 303
fe=(157)
816 10
+1 10
+1 10
-2 10
+4 10
+63 80

fn=(670) check_ingred
1091 2425
+3 485
-3 1940
+6 485
-6 485
+2 485
-2 485
+2 485
-2 485
+2 970
+4 485
-3 970
+34 90
+39 621
+1 1242
-70 1021
-1 2042
+1 4084
+2 3994
+24 1408
+1 4390
-22 6791
cob=(2)
cfi=(51)
cfn=(664)
calls=1325 0 
* 33082
* 2650
+1 2650
cob=(2)
cfi=(51)
cfn=(622)
calls=1325 0 
* 90707
+1 1325
+2 1325
-2 1325
+1 2650
+1 2650
+6 1325
+2 2650
+5 2709
+1 2169
+10 1043
+2 666
+1 333
cob=(2)
cfi=(51)
cfn=(688)
calls=333 0 
* 30303
-1 872
+1 436
cob=(2)
cfi=(51)
cfn=(688)
calls=436 0 
* 40719
-3 1538
+6 1348
+3 337
-3 337
+3 1348
-3 22
+3 22
-3 22
+3 798
+4 355
-2 355
+2 1065
cob=(2)
cfi=(51)
cfn=(664)
calls=355 0 
* 11341
* 1420
+29 400
-8 400
+8 2800
-13 710
+1 710
+9 170
+3 85
-1 85
+1 595
-42 90
+6 123

fn=(712) check_recipe
749 140
511 60
-2 40
+3 40
+1 20
-1 60
-1 60
+1 684
+1 342
-1 1026
-1 1026
+4 160
754 80
+3 36
+24 140
-24 54
cob=(2)
cfi=(51)
cfn=(664)
calls=18 0 
* 414
* 36
+4 18
+2 54

fn=(540) main
92 945
+3 1
-3 3
+3 2
-1 2
+1 1
cob=(2)
cfi=(51)
cfn=(542) 0x00000000001091c0
calls=1 -95 
* 3398
* 2
+21 2
+3 2
-3 1
-14 1
+20 1
-19 1
+13 257
+3 1
-15 1
+15 2
-14 1
+14 1
cob=(2)
cfi=(51)
cfn=(610) 0x0000000000109160
calls=1 0 
* 240019
+1 6
cob=(2)
cfi=(51)
cfn=(610)
calls=1 0 
* 240019
+1 6
cob=(2)
cfi=(51)
cfn=(610)
calls=1 0 
* 240019
+1 4
cob=(2)
cfi=(51)
cfn=(610)
calls=1 0 
* 240019
-13 1
fi=(178) /usr/include/x86_64-linux-gnu/bits/stdio.h
-60 2
cob=(2)
cfi=(51)
cfn=(614) 0x00000000001091d0
calls=1 -49 
* 21
* 540
cob=(2)
cfi=(51)
cfn=(614)
calls=270 -49 
* 5670
* 271
fe=(157)
+76 271
+4 271
-4 542
+4 1622
+33 516
+6 270
+1 4360
+1 1910
-1 1910
fi=(178)
49 5730
cob=(2)
cfi=(51)
cfn=(614)
calls=1910 -49 
* 40269
* 810
cob=(2)
cfi=(51)
cfn=(614)
calls=270 -49 
* 5829
fe=(157)
169 4360
+5 270
-2 270
+2 270
-2 270
+2 1158
+53 1464
+47 672
+36 408
+84 540
176 904
+1 452
-1 452
fi=(178)
49 1356
cob=(2)
cfi=(51)
cfn=(614)
calls=452 -49 
* 9492
* 78
cob=(2)
cfi=(51)
cfn=(614)
calls=26 -49 
* 546
fe=(157)
176 956
+4 26
511 104
-2 26
+3 52
+1 26
-1 78
-1 78
+1 852
+1 426
-1 1278
-1 1278
+4 234
186 142
fi=(183) /usr/include/x86_64-linux-gnu/bits/stdio2.h
-74 12
cob=(2)
cfi=(51)
cfn=(648) 0x0000000000109130
calls=6 0 
* 930
* 6
fe=(157)
223 1172
fi=(178)
49 1172
cob=(2)
cfi=(51)
cfn=(614)
calls=586 -49 
* 12306
fe=(157)
223 1172
+7 60
+1 362
-1 362
fi=(178)
49 724
cob=(2)
cfi=(51)
cfn=(614)
calls=362 -49 
* 7602
* 40
cob=(2)
cfi=(51)
cfn=(614)
calls=20 -49 
* 420
fe=(157)
230 382
+1 382
-1 3820
+5 20
-2 20
+2 40
cfn=(712)
calls=20 749 
* 4490
* 20
+2 40
+6 36
+11 36
-11 270
+5 488
-5 750
+1 520
cob=(2)
cfi=(51)
cfn=(664)
calls=130 0 
* 3068
* 752
cob=(2)
cfi=(51)
cfn=(664)
calls=123 0 
* 2931
* 246
fi=(183)
112 26
cob=(2)
cfi=(51)
cfn=(648)
calls=13 0 
* 1989
* 13
fe=(157)
246 13
+2 26
+6 85
+5 178
-5 522
+1 364
cob=(2)
cfi=(51)
cfn=(664)
calls=91 0 
* 2093
* 542
cob=(2)
cfi=(51)
cfn=(664)
calls=90 0 
* 2076
* 360
fi=(183)
112 2
cob=(2)
cfi=(51)
cfn=(648)
calls=1 0 
* 153
fe=(157)
257 1
+2 182
+5 34
+1 12
cfn=(728) delete_recipe
calls=4 721 
* 1695
fi=(183)
112 8
cob=(2)
cfi=(51)
cfn=(648)
calls=4 0 
* 628
* 4
fe=(157)
+18 39
+6 13
-2 13
+9 45
-5 96
+1 19
+4 57
-3 19
+3 19
cfn=(706) remove_order
calls=19 599 
* 247
+4 57
cfn=(714) insert_van
calls=19 682 
* 224
-9 38
+14 39
+1 19
fi=(183)
-41 133
cob=(2)
cfi=(51)
cfn=(716) 0x00000000001091b0
calls=19 0 
* 24467
fe=(157)
+43 38
+1 19
cob=(2)
cfi=(51)
cfn=(688)
calls=19 0 
* 1729
-4 38
+10 26
+3 478
-56 2
403 120000
+2 10
-1 20
+6 18
+3 18
+1 18
cob=(2)
cfi=(51)
cfn=(688)
calls=9 0 
* 1008
-1 50
+1 50
cob=(2)
cfi=(51)
cfn=(688)
calls=25 0 
* 2800
+1 68
cob=(2)
cfi=(51)
cfn=(688)
calls=34 0 
* 3808
-4 68
+11 120000
+2 16
+1 16
-2 32
+33 120000
+1 28
+16 90000
+1 20
-75 89970
+93 1
+1 2
+2 188
+1 94
cob=(2)
cfi=(51)
cfn=(688)
calls=94 0 
* 10379
-3 188
+7 1
+1 2
+2 132
+1 66
cob=(2)
cfi=(51)
cfn=(688)
calls=66 0 
* 7392
-3 132
+5 12
405 1
cob=(2)
cfi=(51)
cfn=(688)
calls=1 0 
* 112
+1 2
cob=(2)
cfi=(51)
cfn=(688)
calls=1 0 
* 112
* 1
+52 28
cob=(2)
cfi=(51)
cfn=(688)
calls=14 0 
* 1568
* 14
+17 10
-76 10
+76 10
cob=(2)
cfi=(51)
cfn=(688)
calls=10 0 
* 1120
-76 20
+26 16
+1 16
+2 32
+1 32
cob=(2)
cfi=(51)
cfn=(688)
calls=16 0 
* 1790
-1 132
+1 132
cob=(2)
cfi=(51)
cfn=(688)
calls=66 0 
* 7371
+1 164
cob=(2)
cfi=(51)
cfn=(688)
calls=82 0 
* 9079
-4 164
+6 32
cob=(2)
cfi=(51)
cfn=(688)
calls=16 0 
* 1792
+1 32
cob=(2)
cfi=(51)
cfn=(688)
calls=16 0 
* 1792
* 16
fi=(178)
49 478
cob=(2)
cfi=(51)
cfn=(614)
calls=239 -49 
* 5177
fe=(157)
163 478
+55 80
cfn=(620) insert_new_rec
calls=20 658 
* 119764
fi=(183)
112 40
cob=(2)
cfi=(51)
cfn=(648)
calls=20 0 
* 3527
* 20
fe=(157)
274 80
+3 100
cfn=(678)
calls=20 783 
* 3603429
+4 120
cfn=(680) refill
calls=20 885 
* 327346
fi=(183)
112 40
cob=(2)
cfi=(51)
cfn=(648)
calls=20 0 
* 3100
fe=(157)
285 40
+1 1800000
+1 352
+13 176
-15 1800000
+21 180
cfn=(704) check_wo
calls=20 1013 
* 353849
* 60
+4 1020
+2 7338
+1 3669
-1 3669
fi=(178)
49 11007
cob=(2)
cfi=(51)
cfn=(614)
calls=3669 -49 
* 77049
* 612
cob=(2)
cfi=(51)
cfn=(614)
calls=204 -49 
* 4284
fe=(157)
312 7746
+3 204
511 816
-2 204
+3 408
+1 204
-1 612
-1 612
+1 6930
+1 3465
-1 10395
-1 10395
+4 1836
322 1174
fi=(183)
112 50
cob=(2)
cfi=(51)
cfn=(648)
calls=25 0 
* 3875
fi=(178)
-63 178
cob=(2)
cfi=(51)
cfn=(614)
calls=89 -49 
* 1869
fe=(157)
390 203
fi=(183)
112 4
cob=(2)
cfi=(51)
cfn=(648)
calls=2 0 
* 310
* 2
fe=(157)
288 352
cob=(2)
cfi=(51)
cfn=(688)
calls=176 0 
* 17483
* 176
+56 179
+11 358
+1 243
-1 243
fi=(178)
49 486
cob=(2)
cfi=(51)
cfn=(614)
calls=243 -49 
* 5103
* 358
cob=(2)
cfi=(51)
cfn=(614)
calls=179 -49 
* 3759
fe=(157)
356 422
-1 1624
+3 179
fi=(182) /usr/include/stdlib.h
+6 358
fe=(157)
-2 179
fi=(182)
+2 358
cob=(2)
cfi=(51)
cfn=(640) 0x0000000000109180
calls=179 0 
* 20548
fe=(157)
-1 179
fi=(182)
+1 179
fe=(157)
-1 179
+2 179
+1 179
+1 358
-2 828
+1 828
+1 1656
+3 179
+7 179
-7 179
cob=(2)
cfi=(51)
cfn=(622)
calls=179 0 
* 31095
+8 179
+5 358
-10 179
+4 179
+1 179
+1 179
-8 179
+1 179
+2 179
+1 179
+1 179
+7 1969
cfn=(668) check_ro
calls=179 1212 
* 80126
fi=(183)
112 537
cob=(2)
cfi=(51)
cfn=(648)
calls=179 0 
* 27745
* 179
fe=(157)
+74 18
cob=(2)
cfi=(51)
cfn=(664)
calls=6 0 
* 212
* 12
+8 6
+1 18
322 537
cob=(2)
cfi=(51)
cfn=(664)
calls=179 0 
* 5153
* 358
+8 179
+1 537

fn=(704)
1013 160
+3 20
-3 120
+6 40
-2 60
+38 651
+4 1176
+27 452
-67 1360
+1 856
+2 856
+2 3424
+2 639
+3 4473
cob=(2)
cfi=(51)
cfn=(664)
calls=639 0 
* 14697
* 1278
+2 2556
+24 187
-10 187
+10 379
+8 20
-2 5
+2 5
cfn=(670)
calls=5 +28 
* 1427
* 1596
-2 399
+2 399
cfn=(670)
calls=399 +28 
* 232142
* 808
+11 674
+4 176
+5 176
-5 352
+1 176
-60 352
+70 160
-24 268
cfn=(706)
calls=67 599 
* 918
+3 268
cfn=(708)
calls=67 533 
* 4400
+3 134
+12 67
-12 67
cfn=(710)
calls=67 1175 
* 60747
* 67
+4 322
+8 161
-8 161
cfn=(672) insert_name_check
calls=161 1282 
* 13670
* 161

fn=(634) save_ingr_rec
621 80
515 20
621 338
+6 3038
+1 1519
-1 1519
fi=(178)
49 3038
cob=(2)
cfi=(51)
cfn=(614)
calls=1519 -49 
* 31899
* 198
cob=(2)
cfi=(51)
cfn=(614)
calls=99 -49 
* 2079
fe=(157)
627 3236
+3 99
+3 198
cob=(2)
cfi=(51)
cfn=(622)
calls=99 0 
* 15023
+1 99
-1 99
+1 99
cob=(2)
cfi=(51)
cfn=(624)
calls=99 0 
* 1584
* 297
cob=(2)
cfi=(51)
cfn=(622)
calls=99 0 
* 10535
fi=(180)
79 297
fe=(157)
634 99
fi=(180)
79 99
cob=(2)
cfi=(51)
cfn=(630) 0x0000000000109190
calls=99 -79 
* 1395
* 99
fe=(157)
511 297
-2 198
+3 198
+1 99
-1 297
-1 297
+1 2840
+1 1420
-1 4260
-1 4260
+4 792
636 99
+2 297
+6 158
+1 79
+1 158
+1 158
509 198
650 982
+1 157
-1 157
fi=(178)
49 314
cob=(2)
cfi=(51)
cfn=(614)
calls=157 -49 
* 3297
* 198
cob=(2)
cfi=(51)
cfn=(614)
calls=99 -49 
* 2079
* 256
fe=(157)
651 512
-1 512
+3 79
fi=(182)
364 316
cob=(2)
cfi=(51)
cfn=(640)
calls=79 0 
* 9406
* 79
fe=(157)
626 79
+27 20
fi=(182)
364 60
fe=(157)
626 20
fi=(182)
364 20
cob=(2)
cfi=(51)
cfn=(640)
calls=20 0 
* 2388
* 20
fe=(157)
626 100
+30 160
-17 20
+1 20
+1 40

fn=(668)
1212 3222
+3 179
-3 179
+5 179
-5 179
+5 537
+2 135
+3 945
cob=(2)
cfi=(51)
cfn=(664)
calls=135 0 
* 3105
* 270
+2 405
+49 294
+1 95
+1 190
519 294
+7 196
+1 98
+1 98
-1 98
+2 98
1280 828
-30 220
cfn=(670)
calls=44 1091 
* 33897
* 185
cfn=(670)
calls=37 1091 
* 16467
* 162
519 189
+7 124
+1 62
+1 62
-1 62
+2 62
1262 126
+4 68
+14 272
519 54
+7 54
+1 18
+1 18
-1 18
+2 18
1256 18
+24 18
-24 18
+24 108
-24 18
cfn=(710)
calls=18 -81 
* 12806
-17 74
+24 29
+17 29
-17 29
+17 174
-17 29
cfn=(672)
calls=29 +19 
* 3009
520 1
+1 1
+1 1
+1 2

fn=(620)
658 60
+3 20
-3 120
+3 20
cob=(2)
cfi=(51)
cfn=(622)
calls=20 0 
* 2356
+3 20
-1 20
-2 20
+6 20
-5 20
+2 20
cob=(2)
cfi=(51)
cfn=(624)
calls=20 0 
* 320
* 60
cob=(2)
cfi=(51)
cfn=(622)
calls=20 0 
* 1616
fi=(180)
79 40
fe=(157)
664 40
fi=(180)
79 20
cob=(2)
cfi=(51)
cfn=(630)
calls=20 -79 
* 270
fe=(157)
667 80
+12 40
+1 100
-1 20
cfn=(634)
calls=20 -58 
* 114382
-11 20
+1 20
+1 40

fn=(706)
599 86
+2 172
+1 258
+4 172
+4 164
+5 86
+1 43
+3 43
-17 8
+5 8
+1 8
+3 39
+1 78

fn=(672)
1282 570
+2 190
-2 570
+2 190
cob=(2)
cfi=(51)
cfn=(622)
calls=190 0 
* 12119
+1 190
+1 190
-1 190
+2 190
+1 950
+1 190
+1 190
+1 190
+9 760

fn=(714)
682 19
+1 57
+7 12
-1 13
+1 18
+7 6
+8 12
+7 1
+1 1
+1 1
+1 1
+4 1
-35 13
+1 13
+1 26
+20 5
+1 5
+1 5
-1 5
+2 10

fn=(680)
885 240
+5 20
-5 384
+7 5952
+1 2976
-1 2976
fi=(178)
49 5952
cob=(2)
cfi=(51)
cfn=(614)
calls=2976 -49 
* 62655
* 384
cob=(2)
cfi=(51)
cfn=(614)
calls=192 -49 
* 4032
fe=(157)
892 6336
+3 192
+2 192
+3 192
-3 192
cob=(2)
cfi=(51)
cfn=(624)
calls=192 0 
* 3072
* 576
cob=(2)
cfi=(51)
cfn=(622)
calls=192 0 
* 12198
fi=(180)
79 576
fe=(157)
897 192
fi=(180)
79 192
cob=(2)
cfi=(51)
cfn=(630)
calls=192 -79 
* 2692
fe=(157)
900 192
+1 522
-1 522
fi=(178)
49 1044
cob=(2)
cfi=(51)
cfn=(614)
calls=522 -49 
* 10962
* 384
cob=(2)
cfi=(51)
cfn=(614)
calls=192 -49 
* 4032
fe=(157)
901 1428
-1 1428
+3 192
fi=(182)
364 576
fe=(157)
906 192
fi=(182)
364 192
cob=(2)
cfi=(51)
cfn=(640)
calls=192 0 
* 27006
* 192
fe=(157)
906 3688
+1 576
-1 576
fi=(178)
49 1152
cob=(2)
cfi=(51)
cfn=(614)
calls=576 -49 
* 12096
* 384
cob=(2)
cfi=(51)
cfn=(614)
calls=192 -49 
* 4032
fe=(157)
907 1536
-1 1708
+3 172
fi=(182)
364 688
cob=(2)
cfi=(51)
cfn=(640)
calls=172 0 
* 25112
fe=(157)
909 20
fi=(182)
364 80
cob=(2)
cfi=(51)
cfn=(640)
calls=20 0 
* 2920
fe=(157)
511 192
fi=(182)
364 384
fe=(157)
511 576
-2 384
+3 384
+1 192
-1 576
-1 576
+1 5568
+1 2784
-1 8352
-1 8352
+4 1536
914 192
+58 192
515 192
914 1152
+20 805
+5 65
-5 195
+1 392
+42 99
+1 6
cob=(2)
cfi=(51)
cfn=(664)
calls=2 0 
* 52
* 4
+12 62
cob=(2)
cfi=(51)
cfn=(622)
calls=31 0 
* 4553
+1 31
-1 31
+1 31
cob=(2)
cfi=(51)
cfn=(622)
calls=31 0 
* 3321
* 31
fi=(180)
79 62
fe=(157)
991 62
fi=(180)
79 31
cob=(2)
cfi=(51)
cfn=(630)
calls=31 -79 
* 431
fe=(157)
993 62
cob=(2)
cfi=(51)
cfn=(688)
calls=31 0 
* 2821
+1 62
+9 62
-9 31
+1 31
+8 31
-7 31
+7 31
-8 31
+3 31
+1 31
-1 31
+2 62
+1 31
+2 31
cfn=(696)
calls=31 810 
* 2070
+4 1152
+1 89
890 636
1011 160
-95 32
cob=(2)
cfi=(51)
cfn=(622)
calls=16 0 
* 2312
+1 16
-1 16
+1 16
cob=(2)
cfi=(51)
cfn=(622)
calls=16 0 
* 2298
fi=(180)
79 32
fe=(157)
917 32
fi=(180)
79 16
cob=(2)
cfi=(51)
cfn=(630)
calls=16 -79 
* 224
fe=(157)
919 32
cob=(2)
cfi=(51)
cfn=(688)
calls=16 0 
* 1456
+1 16
+2 16
+3 16
-5 16
+1 16
+5 16
-5 16
+3 32
+62 80
cfn=(696)
calls=16 810 
* 3665
* 605
cfn=(696)
calls=121 810 
* 7512
* 137
-96 60
+53 382
+1 72
cob=(2)
cfi=(51)
cfn=(664)
calls=24 0 
* 593
* 48
+10 48
+1 120
cfn=(696)
calls=24 810 
* 1405
* 24
+4 357
cob=(2)
cfi=(51)
cfn=(622)
calls=119 0 
* 13152
+1 119
-1 119
+1 119
cob=(2)
cfi=(51)
cfn=(622)
calls=119 0 
* 12011
fi=(180)
79 238
fe=(157)
960 238
fi=(180)
79 119
cob=(2)
cfi=(51)
cfn=(630)
calls=119 -79 
* 1673
fe=(157)
962 238
cob=(2)
cfi=(51)
cfn=(688)
calls=119 0 
* 10829
+1 119
+4 119
-2 119
-2 119
+1 238
+3 119
+1 119
-1 119
+2 238
+1 119
+2 119
+13 6
-8 62

fn=(728)
721 20
+2 12
+7 4
+13 8
cob=(2)
cfi=(51)
cfn=(688)
calls=4 0 
* 406
+1 8
cob=(2)
cfi=(51)
cfn=(688)
calls=4 0 
* 385
+1 8
cob=(2)
cfi=(51)
cfn=(688)
calls=4 0 
* 406
+2 4
-1 4
+1 8
-1 4
cob=(2)
cfi=(51)
cfn=(688)
calls=4 0 
* 406
-22 12

ob=(2)
fl=(51)
fn=(624)
0 642
cob=(3)
cfi=(179) ./string/../sysdeps/x86_64/multiarch/strlen-avx2.S
cfn=(626) __strlen_avx2
calls=321 50 
0 4494

fn=(640)
0 1324
cob=(3)
cfi=(173) ./stdlib/../stdlib/strtol.c
cfn=(642) strtol
calls=662 105 
0 86056

fn=(648)
0 540
cob=(3)
cfi=(184) ./libio/./libio/ioputs.c
cfn=(650) puts
calls=270 33 
0 41717

fn=(652) 0x0000000004874490
0 578
cob=(3)
cfi=(179)
cfn=(626)
calls=289 50 
0 4046

fn=(716)
0 38
cob=(3)
cfi=(188) ./debug/./debug/printf_chk.c
cfn=(718) __printf_chk
calls=19 25 
0 24429

fn=(764) 0x000000000010b5a4
0 4

fn=(160) 0x0000000004002080
0 2
cob=(1) /usr/lib/x86_64-linux-gnu/ld-linux-x86-64.so.2
cfi=(52) ./elf/./elf/dl-error-skeleton.c
cfn=(162) _dl_catch_error
calls=1 225 
0 2782

fn=(566) 0x0000000004874380
0 4
cob=(3)
cfi=(166) ./malloc/./malloc/malloc.c
cfn=(568) malloc
calls=2 3287 
0 1987

fn=(700)
0 20
cob=(3)
cfi=(187) ./string/../sysdeps/x86_64/multiarch/strcpy-avx2.S
cfn=(702) __strcpy_avx2
calls=10 53 
0 283

fn=(776) 0x000000000483f040
0 2
cob=(3)
cfi=(197) ./stdlib/./stdlib/cxa_finalize.c
cfn=(750) __cxa_finalize
calls=1 30 
0 72

fn=(610)
0 8
cob=(3)
cfi=(176) ./string/../sysdeps/x86_64/multiarch/memset-vec-unaligned-erms.S
cfn=(612) __memset_avx2_unaligned_erms
calls=4 181 
0 960068

fn=(630)
0 954
cob=(3)
cfi=(181) ./string/../sysdeps/x86_64/multiarch/memmove-vec-unaligned-erms.S
cfn=(632) __memcpy_avx_unaligned_erms
calls=477 307 
0 5731

fn=(664)
0 6598
cob=(3)
cfi=(186) ./string/../sysdeps/x86_64/multiarch/strcmp-avx2.S
cfn=(666) __strcmp_avx2
calls=3299 83 
0 77484

fn=(768) 0x000000000483f334
0 3
cob=(4) /usr/libexec/valgrind/vgpreload_core-amd64-linux.so
cfi=(145) ???
cfn=(770) 0x00000000000010e0
calls=1 0 
0 105
0 2

fn=(622)
0 4952
cob=(3)
cfi=(166)
cfn=(568)
calls=2476 3287 
0 210680

fn=(722) 0x00000000048744d0
0 152
cob=(3)
cfi=(190) ./string/../sysdeps/x86_64/multiarch/strchr-avx2.S
cfn=(724) __strchrnul_avx2
calls=76 51 
0 1444

fn=(478) 0x000000000483f000
0 6
cob=(4)
cfi=(145)
cfn=(482) 0x0000000000001170
calls=1 0 
0 12
0 1
cob=(4)
cfi=(145)
cfn=(490) 0x00000000000012f0
calls=1 0 
0 5
0 2

fn=(688)
0 4566
cob=(3)
cfi=(166)
cfn=(690) free
calls=2283 3352 
0 217896

fn=(164) 0x0000000004002050
0 6
cob=(1)
cfi=(52)
cfn=(166) _dl_catch_exception
calls=3 175 
0 9481

fn=(674) 0x00000000048743e0
0 766
cob=(3)
cfi=(181)
cfn=(676) __mempcpy_avx_unaligned_erms
calls=383 294 
0 6030

fn=(748)
0 2
cob=(3)
cfi=(197)
cfn=(750)
calls=1 30 
0 72

fn=(516) 0x0000000000109000
0 7

fn=(450) 0x0000000004874650
0 38
cob=(1)
cfi=(10) ./elf/./elf/dl-tunables.c
cfn=(24) __tunable_get_val
calls=19 405 
0 391
cob=(1)
cfi=(141) ./elf/../sysdeps/x86_64/dl-trampoline.h
cfn=(456) _dl_runtime_resolve_xsave
calls=1 67 
0 813
0 5

fn=(500) 0x00000000048745f0
0 2
cob=(3)
cfi=(148) ./string/../sysdeps/x86_64/multiarch/strrchr-avx2.S
cfn=(502) __strrchr_avx2
calls=1 46 
0 46

fn=(526) 0x00000000048746d0
0 2
cob=(1)
cfi=(49) ./elf/./elf/dl-audit.c
cfn=(530) _dl_audit_preinit
calls=1 117 
0 5
cob=(1)
cfi=(141)
cfn=(456)
calls=1 67 
0 824
0 5

fn=(542)
0 2
cob=(3)
cfi=(158) ./stdio-common/./stdio-common/isoc99_scanf.c
cfn=(544) __isoc99_scanf
calls=1 25 
0 3396

fn=(614)
0 30088
cob=(3)
cfi=(177) ./libio/./libio/getc.c
cfn=(616) getc
calls=15044 34 
0 286471

ob=(1)
fl=(1) ???
fn=(0) 0x0000000000020290
0 2
cfi=(2) ./elf/./elf/rtld.c
cfn=(2) _dl_start
calls=1 527 
0 142742
0 14
cfi=(144) ./elf/./elf/dl-init.c
cfn=(474) _dl_init
calls=1 77 
0 373
0 3
cob=(5)
cfi=(150)
cfn=(508)
calls=1 0 
0 10129416

fl=(142) ./elf/./elf/dl-runtime.c
fn=(458) _dl_fixup
46 16
+2 10
+1 2
+6 2
fi=(202) ./elf/../sysdeps/x86_64/dl-runtime.h
-27 2
fe=(142)
+21 2
+5 2
+1 2
-6 2
+6 4
+1 2
+2 2
-2 2
+2 2
-2 10
+7 4
+4 4
+4 6
+4 6
+1 8
-7 8
+16 2
-1 2
+1 4
+10 20
cfi=(79) ./elf/./elf/dl-lookup.c
cfn=(280) _dl_lookup_symbol_x
calls=2 840 
* 1363
* 2
+4 10
+10 20
+15 8
+9 6
+26 6
fi=(6) ./elf/../sysdeps/x86_64/dl-machine.h
+70 2
fe=(142)
-66 12

fl=(73) ./malloc/./malloc/scratch_buffer_set_array_size.c
fn=(240) __libc_scratch_buffer_set_array_size
30 20
+4 2
+1 4
+11 2
-1 4
+18 8

fl=(12) ./elf/./elf/dl-sort-maps.c
fn=(248) dfs_traversal.part.0
140 64
+10 8
-2 8
+2 16
+2 20
+3 20
-3 40
+9 16
+15 24
+1 8
+1 48
-17 12

fn=(246) _dl_sort_maps
290 20
+8 2
-8 2
+8 4
+4 16
-79 4
-37 2
+37 2
-36 8
+1 2
-1 2
+1 2
-1 4
+1 6
-1 6
+1 6
-1 12
+36 30
+8 6
-3 2
+2 2
+1 2
-8 2
+5 2
+3 8
+2 18
+2 8
-90 40
cfn=(248)
calls=8 -5 
* 284
+93 16
+18 4
+13 2
+33 2
-26 8
cfi=(29) ./string/../sysdeps/x86_64/multiarch/memmove-vec-unaligned-erms.S
cfn=(80) memcpy
calls=2 -64 
* 22
* 2

fn=(22) _dl_sort_maps_init
281 2
+1 4
cfi=(10)
cfn=(24)
calls=1 405 
* 20
+2 3
-1 1
+2 2

fl=(22) ./string/../sysdeps/x86_64/multiarch/strlen-vec.S
fn=(60) strlen
41 16
+44 16
+1 16
+1 16
+1 16
+1 16
+1 16
+1 16
+2 16
+2 16
+31 15
+1 15
+1 15
+1 15
+1 15
+1 10
+2 10
+4 5
+1 5
+1 5
+1 5
+1 5
+1 5
+1 5
+1 5
+1 5
+1 5
+1 5
+1 5
+5 40
+4 1
+1 14
+1 8

fl=(56) ./io/../sysdeps/unix/sysv/linux/read_nocancel.c
fn=(180) __read_nocancel
25 2
+1 8
+1 2

fl=(58) ./io/../sysdeps/unix/sysv/linux/fstat64.c
fn=(190) fstat
29 6
+1 6
+5 9
cfi=(59) ./io/../sysdeps/unix/sysv/linux/fstatat64.c
cfn=(192) fstatat
calls=3 153 
* 24

fl=(23) ./elf/../misc/sbrk.c
fn=(62) sbrk
37 5
+3 1
+18 2
+4 2
+16 5

fl=(27) ./elf/./elf/dl-minimal-malloc.c
fn=(72) __minimal_calloc
78 8
+4 8
-4 32
+7 8
+1 24
fi=(28) ./elf/../include/rtld-malloc.h
-30 8
cfi=(27)
cfn=(76) __minimal_malloc
calls=8 -21 
* 235
fe=(27)

fn=(144) __minimal_free
95 3
+2 12

fn=(76)
35 120
+1 24
+11 24
-11 48
+11 48
+3 24
-3 24
+3 136
+18 24
+1 24
+2 96
-16 8
+1 4
+2 2
+1 14
cfi=(60) ./misc/../sysdeps/unix/sysv/linux/mmap64.c
cfn=(194) mmap
calls=2 -12 
* 18
* 2
+2 4
+2 4
+2 2
+4 2
-4 4
-23 1
-1 1
+1 1
+1 2
-2 2

fl=(15) ./elf/../sysdeps/x86/dl-get-cpu-features.c
fn=(436) __x86_cpu_features
71 1
-32 3
+32 2

fn=(32) _dl_x86_init_cpu_features
37 1
+2 3
+2 1
cfi=(16) ./elf/../sysdeps/x86/cpu-features.c
cfn=(34) init_cpu_features.constprop.0
calls=1 399 
* 7219

fl=(45) ./string/./string/strdup.c
fn=(140) strdup
40 15
+1 3
cfi=(22)
cfn=(60)
calls=3 * 
* 87
* 3
fi=(203) ./string/../include/rtld-malloc.h
+15 6
cfi=(27)
cfn=(76)
calls=3 -21 
* 75
fe=(45)
-12 6
+4 3
-1 9
+1 6
-1 3
cfi=(29)
cfn=(80)
calls=3 212 
* 41

fl=(135) ./elf/./elf/dl-call-libc-early-init.c
fn=(438) _dl_call_libc_early_init
27 1
+2 2
-2 1
+6 3
-6 1
+6 3
-6 1
+6 1
cfi=(134) ./elf/./elf/dl-lookup-direct.c
cfn=(434) _dl_lookup_direct
calls=1 +41 
* 177
+4 2
+2 4
+2 1
-1 1
+1 2
-1 1
cob=(3)
cfi=(136) ./elf/./elf/libc_early_init.c
cfn=(440) __libc_early_init
calls=1 -7 
* 1108

fl=(26) ./elf/./elf/dl-object.c
fn=(70) _dl_new_object
59 42
+3 6
+18 2
+3 2
-3 2
+3 2
cfi=(22)
cfn=(60)
calls=2 -42 
* 52
+4 4
-4 4
+9 4
fi=(28)
-48 6
cfi=(27)
cfn=(72)
calls=2 +34 
* 100
fe=(26)
+48 1
fi=(28)
-48 3
cfi=(27)
cfn=(72)
calls=1 +34 
* 43
* 3
fe=(26)
+51 6
+5 3
-2 3
+6 3
-4 3
+4 3
-5 3
+4 3
+1 3
-1 3
+1 6
cfi=(29)
cfn=(80)
calls=3 212 
* 44
* 6
+2 3
+13 6
+6 1
+2 7
+3 2
-3 14
+3 4
+9 3
-7 3
+4 3
+3 15
+2 1
-2 3
+2 15
-2 45
+16 6
-5 3
+5 3
-6 3
+6 3
-6 3
+6 6
+2 4
+3 4
-3 4
+7 8
+4 4
+8 2
+3 2
+10 3
-10 4
+10 6
+2 2
+21 2
-21 2
cfi=(22)
cfn=(60)
calls=2 41 
* 70
* 6
+17 2
-13 6
+50 6
cfi=(29)
cfn=(128) mempcpy
calls=2 -46 
* 34
* 2
+5 4
+1 4
-1 80
+1 80
+2 4
+3 2
+3 2
+4 27
131 8
-12 4
+34 1
+7 4
+8 8
fi=(28)
56 4
cfi=(27)
cfn=(76)
calls=2 -21 
* 50
* 2
fe=(26)
200 8
64 2
+2 3
+1 2
+10 5
-6 2

fn=(82) _dl_add_to_namespace_list
31 6
+2 3
-2 6
+2 3
-2 6
+2 3
cfi=(24) ./elf/../sysdeps/nptl/dl-tls_init_tp.c
cfn=(84) rtld_mutex_dummy
calls=3 +9 
* 9
+2 23
+3 20
+2 2
+2 2
+4 2
+4 2
-4 4
+1 2
+4 2
-4 2
+1 2
+3 2
-3 2
+3 2
-1 2
cfi=(24)
cfn=(84)
calls=2 -8 
* 6
-4 1
+4 1
-4 2
+1 1
+4 1
-4 1
+1 1
+3 1
-3 1
+3 1
-1 1
cfi=(24)
cfn=(84)
calls=1 -8 
* 3
-5 2

fl=(10)
fn=(18) __GI___tunables_init
282 9
-9 7
71 125
+6 40
-3 40
+3 3460
-3 40
-3 80
357 8
81 80
+5 120
fi=(11) ./elf/./elf/dl-tunables.h
+54 40
fe=(10)
-54 40
fi=(11)
+54 40
+1 102
-1 77
+1 22
-1 40
+1 80
fe=(10)
323 160
-18 5600
+6 8800
fi=(11)
140 360
+1 720
-1 19
+1 76
-1 95
fe=(10)

fn=(54) __GI___tunable_set_val
157 15
-55 5
+55 5
-55 5
+55 5
-55 35
+9 5
+1 5
fi=(204) ./elf/./dl-tunable-types.h
-22 10
fe=(10)
+22 20
+1 40
fi=(11)
+8 10
+1 5
fe=(10)
-6 15
fi=(11)
+15 5
fe=(10)
-12 10
+4 10
+7 10
+1 10
+3 30
+1 5
+1 5
+1 5
+24 5
fi=(11)
-30 15
fe=(10)

fn=(24)
405 33
+3 231
+9 33
-9 126
+9 10
+17 165
+2 33
-9 23
+1 23

fl=(60)
fn=(194)
47 24
+3 24
+8 48
+2 12

fl=(2)
fn=(156) handle_preload_list
894 10
+5 1
-5 2
+5 2
+6 1
-64 1
+54 3
+7 3
cfi=(50) ./string/../sysdeps/x86_64/strcspn.S
cfn=(158) strcspn
calls=1 25 
* 233
* 1
+1 3
+9 1
191 1
914 2
191 2
916 2
-80 1
+5 5
-10 1
+8 1
-4 1
+1 1
+1 1
+4 1
cob=(2)
cfi=(51)
cfn=(160)
calls=1 0 
* 2784
+1 3
+8 3
+67 1
-18 2
+21 9
-15 4
cfi=(29)
cfn=(80)
calls=1 212 
* 19
+1 2

fn=(170) map_doit
663 2
+2 1
-2 1
+2 1
+1 2
-1 2
+1 3
cfi=(31) ./elf/./elf/dl-load.c
cfn=(172) _dl_map_object
calls=1 2022 
* 2683
* 1
+2 2

fn=(252) version_check_doit
696 3
+2 4
cfi=(75) ./elf/./elf/dl-version.c
cfn=(254) _dl_check_all_versions
calls=1 361 
* 4125
* 2
+4 2

fn=(64) dl_main
1320 2
205 1
311 1
1320 2
2818 1
1320 3
2829 1
1320 2
2698 1
1320 2
311 1
1320 3
207 1
310 1
205 1
+99 3
1332 1
cfi=(24)
cfn=(66) __tls_pre_init_tp
calls=1 53 
* 17
2677 3
+6 5
-4 1
+4 1
+2 3
cfi=(25) ./elf/./elf/dl-environ.c
cfn=(68) _dl_next_ld_env_entry
calls=1 28 
* 41
* 4
cfi=(25)
cfn=(68)
calls=2 28 
* 234
* 9
+4 6
-2 2
+2 6
+1 2
-1 6
+1 17
-1 89
+9 12
2845 4
+32 2
1348 1
+1 2
-1 2
+1 2
2774 3
+1 3
-56 2
+7 2
1627 9
cfi=(26)
cfn=(70)
calls=1 59 
* 230
* 1
+2 2
+1 1
+6 2
-6 1
+1 2
+1 3
+4 1
cfi=(26)
cfn=(82)
calls=1 31 
* 36
+1 2
1140 1
1326 1
1169 1
-29 1
+11 1
+18 2
-21 1
+21 1
-19 1
-4 1
+23 1
-21 1
+21 2
+57 1
-83 1
+23 1
+4 1
+19 1
+22 1
+15 5
-56 116
1275 4
+2 1
1169 18
fi=(30) ./elf/../sysdeps/x86/dl-prop.h
105 2
fe=(2)
1282 22
+6 4
cfi=(31)
cfn=(88) _dl_process_pt_gnu_property
calls=1 868 
* 20
-7 26
+1 13
+6 13
-6 26
fi=(30)
212 4
+1 2
95 8
+10 2
212 1
105 1
-2 1
-3 1
+2 1
+3 1
-4 2
+92 4
-1 1
-87 3
+3 3
+1 2
+1 2
+4 3
+4 3
+3 3
+1 2
+4 1
+1 4
+58 3
+2 4
-56 4
+1 2
+3 4
+3 2
+1 8
+5 4
+2 4
+5 4
+14 2
-1 4
+2 2
fe=(2)
1174 1
-5 1
+5 2
-5 2
+30 1
-9 1
+27 1
-27 1
+2 1
-3 1
+10 2
-20 2
-10 1
+10 1
+1 9
-11 2
+57 4
-1 4
+1 8
-1 4
+2 8
+1 1
+2 12
+1 14
+4 8
+1 8
+1 4
+1 10
+1 1
+4 1
-74 1
+74 2
-74 2
+74 3
-74 3
+74 6
-74 6
fi=(30)
165 2
fe=(2)
1271 1
1169 1
1271 1
1169 2
1294 1
+3 2
+2 1
-5 2
+3 2
+2 2
+2 2
1662 3
+2 1
-1 1
+1 2
+1 2
-2 1
+2 1
-2 2
cfi=(32) ./string/../sysdeps/x86_64/strcmp.S
cfn=(90) strcmp
calls=1 108 
* 34
* 2
+7 1
+3 1
-5 1
+3 1
+2 1
+1 2
+4 2
+2 2
fi=(3) ./elf/./get-dynamic-info.h
39 3
+6 1
-2 1
+2 2
+9 1
+5 1
+3 1
+2 1
-3 1
-3 1
-3 17
+13 5
-23 20
+23 21
-23 84
+4 52
+5 24
+2 5
+16 3
+25 3
+5 2
+7 2
+1 3
+22 3
+5 2
+2 2
+2 2
+2 2
+1 1
+3 3
+2 3
+1 2
+9 2
+6 2
+1 2
+3 2
fe=(2)
1688 3
+7 2
cfi=(8) ./elf/./elf/dl-setup_hash.c
cfn=(14) _dl_setup_hash
calls=1 25 
* 29
+3 2
fi=(33) ./elf/./setup-vdso.h
24 2
fi=(35) ./elf/../sysdeps/unix/sysv/linux/dl-vdso-setup.h
+21 1
fe=(2)
1723 1
cfi=(13) ./elf/../sysdeps/unix/sysv/linux/dl-sysdep.c
cfn=(100) _dl_discover_osversion
calls=1 46 
* 109
* 8
fi=(37) ./elf/./dl-main.h
109 5
cfi=(31)
cfn=(106) _dl_init_paths
calls=1 706 
* 2926
fe=(2)
1731 3
cfi=(46) ./elf/./elf/dl-debug.c
cfn=(146) _dl_debug_initialize
calls=1 56 
* 30
+7 1
-7 1
+2 1
+5 1
+4 1
+3 1
-3 3
+1 2
+3 1
+5 1
-7 1
+7 1
+1 3
+12 2
+1 2
+5 1
-3 2
+2 1
+1 2
+5 3
+1 5
-1 2
233 1
-1 1
+1 3
+1 2
-2 1
+2 2
1793 2
+5 1
-1 1
+1 1
+24 1
cfi=(47) ./elf/../elf/dl-tls.c
cfn=(148) _dl_count_modids
calls=1 197 
* 6
* 1
fi=(48) ./elf/../sysdeps/generic/dl-debug.h
29 3
+1 2
fe=(2)
1828 2
+1 1
cfi=(46)
cfn=(152) _dl_debug_state
calls=1 116 
* 2
+1 1
+4 3
cfi=(49)
cfn=(154) _dl_audit_activity_map
calls=1 28 
* 16
+5 3
+2 1
+2 2
+9 2
+16 4
cfi=(65) ./io/../sysdeps/unix/sysv/linux/access.c
cfn=(208) access
calls=1 25 
* 9
* 2
+76 4
+16 3
85 1
1970 1
85 2
1970 2
85 1
1970 5
cfi=(66) ./elf/./elf/dl-deps.c
cfn=(210) _dl_map_object_deps
calls=1 159 
* 8233
92 1
1976 1
92 2
+9 2
1976 2
+1 5
-1 4
+1 6
-1 12
+4 4
+1 3
+1 1
+2 2
+1 4
-1 9
+1 9
+12 3
+1 2
+2 1
+2 3
+2 1
-4 1
+5 1
-1 2
+14 2
+1 2
+1 3
+11 2
+2 1
-2 1
+2 2
-2 1
+1 2
+1 1
-1 2
+1 1
cfi=(52)
cfn=(250) _dl_receive_error
calls=1 238 
* 4153
+10 2
+1 2
+3 2
862 1
fi=(205) ./elf/../sysdeps/unix/sysv/linux/dl-osinfo.h
64 2
fe=(2)
864 1
+6 1
+3 1
+7 1
-5 1
2052 3
2282 3
1778 2
+6 1
-6 2
+6 1
+2 3
fi=(30)
198 4
+2 1
+1 1
+2 1
-3 3
+3 1
fi=(3)
59 4
+3 4
+2 4
fi=(34) ./elf/../sysdeps/unix/sysv/linux/dl-vdso.h
-24 1
+1 2
fe=(2)
2331 1
1325 1
2342 1
-4 2
+10 1
-6 1
+6 1
+3 2
+8 1
fi=(30)
36 1
fe=(2)
2359 1
fi=(30)
37 3
+3 1
+13 6
-13 3
+9 6
-9 1
+9 20
+4 15
-16 12
+34 3
cfi=(77) ./elf/../sysdeps/x86/dl-cet.c
cfn=(270) _dl_cet_check
calls=1 252 
* 30
fe=(2)
2361 2
+54 3
+3 1
85 4
2422 1
+1 19
+2 8
+5 8
+2 8
+6 4
+2 12
+1 24
cfi=(78) ./elf/./elf/dl-reloc.c
cfn=(272) _dl_relocate_object
calls=3 194 
* 81138
+4 10
+1 2
-23 1
+23 1
cfi=(47)
cfn=(412) _dl_add_to_slotinfo
calls=1 1015 
* 28
-23 6
92 3
+1 1
2454 1
93 1
2454 1
+5 4
+2 1
+7 3
cfi=(47)
cfn=(414) _dl_allocate_tls_init
calls=1 528 
* 146
+3 2
fi=(3)
72 2
+10 3
+1 4
+1 4
+1 4
+2 4
+5 4
+1 4
+1 5
fi=(35)
-64 3
+3 1
+3 1
+3 1
fi=(34)
+16 2
fe=(2)
2434 1
+1 1
-3 2
+49 3
+2 4
+10 1
cfi=(129) ./elf/./elf/dl-find_object.c
cfn=(416) _dl_find_object_init
calls=1 561 
* 571
+5 2
cfi=(7) ./elf/./elf/dl-minimal.c
cfn=(424) __rtld_malloc_init_real
calls=1 76 
* 2372
+3 1
cfi=(133) ./elf/../sysdeps/nptl/dl-mutex.c
cfn=(432) __rtld_mutex_init
calls=1 30 
* 415
85 1
2507 1
+1 3
85 3
2508 2
cfi=(78)
cfn=(272)
calls=1 194 
* 4806
92 3
+9 2
2516 3
cfi=(135)
cfn=(438)
calls=1 27 
* 1309
+7 1
cfi=(9) ./elf/../elf/dl-sysdep.c
cfn=(464) _dl_sysdep_start_cleanup
calls=1 262 
* 2
+4 3
cfi=(49)
cfn=(466) _dl_audit_activity_nsid
calls=1 40 
* 21
+5 2
cfi=(46)
cfn=(186) _dl_debug_update
calls=1 38 
* 7
+1 1
-1 1
+2 1
cfi=(46)
cfn=(152)
calls=1 116 
* 2
+1 1
+4 1
cfi=(68) ./elf/./elf/dl-cache.c
cfn=(468) _dl_unload_cache
calls=1 537 
* 18
+5 8
1741 4
1995 2
+50 2
cfn=(258) init_tls
calls=1 756 
* 784
* 2
2726 4
+2 2
+1 1
+46 2
+2 1
+1 1
-1 1
+1 1
+1 1
85 1
1847 1
85 2
1847 1
85 1
1847 2
cfn=(156)
calls=1 894 
* 3107
* 1
92 3
+9 3
1948 16
+1 1
-1 1
+4 3
+1 1
+1 2
+1 2
-7 2
fi=(30)
170 3
-39 2
fe=(2)

fn=(258)
756 3
+2 1
+4 1
-4 1
+4 2
+11 1
fi=(28)
44 1
fe=(2)
768 1
+4 1
fi=(28)
44 1
cfi=(27)
cfn=(72)
calls=1 +34 
* 36
fe=(2)
783 1
-12 1
+6 1
-9 1
+11 1
+4 1
+2 3
-1 2
+3 8
+4 1
+2 1
-2 2
-5 1
-1 2
+10 3
+3 2
cfi=(47)
cfn=(260) _dl_tls_static_surplus_init
calls=1 97 
* 79
+3 1
cfi=(47)
cfn=(262) _dl_determine_tlsoffset
calls=1 221 
* 76
+7 1
cfi=(47)
cfn=(264) _dl_allocate_tls_storage
calls=1 422 
* 442
* 1
+1 2
+6 1
+3 2
-3 1
+3 6
+3 1
cfi=(24)
cfn=(266) __tls_init_tp
calls=1 68 
* 75
+1 1
+3 5
-39 3
-1 7

fn=(2)
527 10
85 1
fi=(6)
-40 1
fe=(2)
557 1
-4 1
85 2
556 1
85 1
fi=(3)
-40 1
fe=(2)
556 1
fi=(3)
45 2
+9 1
+5 1
+3 1
+2 1
+4 1
-7 1
-3 1
-3 14
+13 4
-23 16
+23 14
-23 56
+4 36
+5 20
+2 5
+3 4
fi=(4) ./elf/../sysdeps/generic/ldsodefs.h
+21 1
fi=(3)
-8 3
+10 4
+1 4
+1 4
+1 4
+2 4
+5 4
+1 4
+1 4
+3 3
+5 2
+7 3
+1 3
+8 2
+1 2
+5 3
+3 3
fe=(2)
573 1
fi=(6)
71 1
fe=(2)
573 42
fi=(6)
414 1
fi=(5) ./elf/./elf/do-rel.h
86 1
fe=(2)
573 2
fi=(5)
49 1
+37 1
-37 1
+37 1
+2 1
-2 1
+2 1
-2 1
+27 2
-27 1
fe=(2)
573 2
fi=(5)
49 1
+37 1
-37 1
+37 1
+2 1
-2 1
+2 1
-2 1
+27 3
+1 2
fi=(6)
534 2
fi=(5)
114 282
fi=(6)
534 282
+1 142
fi=(5)
113 142
fi=(6)
535 284
fi=(5)
113 284
+5 4
+8 7
fi=(6)
326 12
fi=(5)
126 21
+2 7
+2 7
-2 7
fi=(6)
287 7
fi=(5)
130 7
-2 7
+1 14
fi=(6)
287 14
+9 70
+3 14
+27 33
fe=(2)
573 6
fi=(5)
50 1
fi=(4)
+30 2
fi=(6)
326 2
+20 12
+1 6
fe=(2)
575 1
+13 1
cfi=(7)
cfn=(12) __rtld_malloc_init_stubs
calls=1 42 
* 10
+4 2
85 1
488 2
85 3
488 1
cfi=(8)
cfn=(14)
calls=1 25 
* 29
+2 2
-1 1
+1 2
+17 1
-15 1
-2 1
+17 1
-15 1
+9 1
-11 1
+17 1
cfi=(9)
cfn=(16) _dl_sysdep_start
calls=1 85 
* 140649
* 1
+2 2
+98 9
fi=(3)
62 4
+2 4
fe=(2)
573 3

fl=(141)
fn=(456)
67 2
+5 2
+3 2
+2 2
+10 2
+6 2
+1 2
+1 2
+1 2
+1 2
+1 2
+1 2
+4 2
+1 2
+3 2
+1 2
+2 2
+1 2
+1 2
+1 2
+1 2
+1 2
+2 2
+7 2
+1 2
+1 2
cfi=(142)
cfn=(458)
calls=2 -80 
* 1555
+1 2
+5 2
+1 2
+1 2
+2 2
+1 2
+1 2
+1 2
+1 2
+1 2
+1 2
+2 2
+2 2
+4 2
+2 2

fl=(64) ./io/../sysdeps/unix/sysv/linux/close_nocancel.c
fn=(204) __GI___close_nocancel
25 3
+1 12
+1 3

fl=(49)
fn=(466)
40 6
+4 3
-4 3
+4 3
-4 3
+4 3
-4 6
+4 3
+1 3
+1 12
+4 18

fn=(766) _dl_audit_objclose
96 4
+1 16

fn=(206) _dl_audit_objopen
76 2
+1 8

fn=(154)
28 6
+2 1
-1 1
+1 2
+6 6

fn=(530)
117 1
+1 4

fl=(24)
fn=(84)
42 8
+2 16

fn=(266)
68 2
fi=(206) ./elf/../include/list.h
-24 1
fe=(24)
+24 1
fi=(206)
-25 1
fe=(24)
+26 1
+3 1
fi=(206)
-29 1
+1 1
+1 1
+2 1
fe=(24)
+28 4
+1 2
+1 1
+5 2
+5 1
+6 1
-3 1
+3 1
-6 3
+6 1
+13 3
fi=(76) ./elf/../sysdeps/unix/sysv/linux/rseq-internal.h
-72 1
fe=(24)
+72 1
cfi=(10)
cfn=(24)
calls=1 405 
* 20
fi=(76)
-74 3
+2 6
+3 2
+3 1
fe=(24)
+83 3
+7 2
+2 1
+1 1
+1 3

fn=(66)
53 3
+3 8
+5 1
-5 1
+5 1
+1 1
-6 1
+8 1

fl=(7)
fn=(136) strsep
239 2
+3 4
+2 2
+1 4
+4 33
+7 84
-2 56
+13 1
+4 4
-22 14
+15 14
-15 30

fn=(428) lookup_malloc_symbol
61 8
+3 4
-3 16
+3 4
-3 4
+3 8
-1 4
+1 12
cfi=(79)
cfn=(280)
calls=4 840 
* 2104
+4 28
+1 28
+2 4
fi=(132) ./elf/./dl-sym-post.h
-30 8
+12 12
fe=(7)
+19 20

fn=(12)
42 1
+1 2
+1 2
+1 2
+1 2
+1 1

fn=(424)
76 2
+10 1
fi=(131) ./elf/../sysdeps/generic/dl-hash.h
-41 1
fe=(7)
+31 1
fi=(131)
-32 1
fe=(7)
+32 5
+11 1
-1 1
fi=(131)
-43 1
+5 3
+14 4
-17 3
+3 15
+14 20
-17 15
fe=(7)
+46 2
fi=(131)
-24 1
fe=(7)
+22 1
+2 2
fi=(131)
-19 1
fe=(7)
+19 1
cfn=(428)
calls=1 -30 
* 575
+1 3
-1 1
+1 1
cfn=(428)
calls=1 -31 
* 575
+1 3
-1 1
+1 1
cfn=(428)
calls=1 -32 
* 561
+1 3
-1 1
+1 1
cfn=(428)
calls=1 -33 
* 553
+5 1
+1 1
+1 1
+1 1
+1 7

fl=(71) ./io/../sysdeps/unix/sysv/linux/pread64_nocancel.c
fn=(232) __pread64_nocancel
25 8
+1 16
+1 4

fl=(36) ./posix/../sysdeps/unix/syscall-template.S
fn=(102) uname
120 5
+2 1

fl=(194) ./elf/./elf/dl-fini.c
fn=(736) _dl_fini
31 9
+20 3
-3 7
+3 4
+3 2
cob=(3)
cfi=(195) ./nptl/./nptl/pthread_mutex_lock.c
cfn=(738) pthread_mutex_lock@@GLIBC_2.2.5
calls=1 +23 
* 43
+2 1
+3 2
+2 6
+7 2
-2 1
+2 1
cfi=(49)
cfn=(466)
calls=1 -28 
* 21
+5 14
+5 1
-5 1
+5 3
+2 8
+2 8
+2 8
+1 4
+1 4
+4 4
-12 12
+14 6
+1 4
+6 5
cfi=(12)
cfn=(246)
calls=1 290 
* 300
+9 2
cob=(3)
cfi=(196) ./nptl/./nptl/pthread_mutex_unlock.c
cfn=(740) pthread_mutex_unlock@@GLIBC_2.2.5
calls=1 367 
* 34
+5 6
+2 1
+2 3
-2 3
+2 9
+3 8
+3 12
+4 2
+11 4
+1 1
+1 2
+1 5
+1 2
cob=(5)
cfi=(150)
cfn=(742)
calls=1 0 
* 92
-1 5
+5 3
+1 6
cob=(2)
cfi=(51)
cfn=(768)
calls=1 0 
* 110
cob=(2)
cfi=(51)
cfn=(764)
calls=1 0 
* 4
+6 8
cfi=(49)
cfn=(766)
calls=4 -57 
* 20
+5 4
-45 12
+49 3
cfi=(49)
cfn=(466)
calls=1 40 
* 21
* 2
-38 9
+3 2
+41 6
+6 2
+7 8
73 2

fl=(32)
fn=(90)
108 183
+33 183
+1 183
+2 183
+1 183
+21 183
+1 183
+1 157
+1 157
+1 140
+1 140
+1 140
+1 140
+21 140
+1 140
+1 140
+1 140
+1 140
+1 140
+1 140
+5 5
+1 15
+9 5
+1 5
+1 5
+1 5
+1 5
+1 5
+1 5
+1 5
-7 43
+1 43
+1 43
+1 43
+1 43
+1 43
+1 43
+1 43
+1 44
+1 29
+1 29
+1 29
+2 29
+1 29
+1 29
+1 29
+1 29
+1 29
-5 15
+1 15
+1 15
+1 15
+1 15
+1 15
+10 4
+1 4
+1 4
+2 4
+6 4
+1 4
+1 4
+1 4
+1 4
+5 4
+2 3
+1 3
+1 6
+8 3
+1 3
+3 3
+1 3
+1 3
+1 3
+1 3
+1 3
943 3
+1 3
+1 3
+1 3
+1 3
+2 3
+1 3
+1 3
+1 3
+1 3
+1 3
+1 3
+1 2
+4 2
+1 2
+1 2
+6 2
+1 2
+1 4
+4 2
+1 2
+3 2
+1 2
+1 2
+3 2
+1 2
+1 2
+6 2
+1 2
+1 2
+1 2
+1 2
+1 2
+72 5
+1 5
+1 5
+1 5
+1 5
+2 5
+1 5
+1 5
+1 5
+1 5
+1 5
+1 5
+1 1
+4 1
+1 1
+1 1
+6 1
+1 1
+1 2
+4 1
+1 1
+3 1
+1 1
+1 1
+3 1
+1 1
+1 1
+6 1
+1 1
+1 1
+1 1
+1 1
+1 1
+7 1
+1 1
+2 1
+1 1
+2 1
+1 1
+1 1
+3 1
+1 1
+1 1
+6 1
+1 1
+1 1
+1 1
+1 1
+1 1
+41 3
+1 3
+1 3
+1 3
+1 3
+2 3
+1 3
+1 3
+1 3
+1 3
+1 3
+1 3
+1 1
+4 1
+1 1
+1 1
+6 1
+1 1
+1 2
+4 1
+1 1
+3 1
+1 1
+1 1
+3 1
+1 1
+1 1
+6 1
+1 1
+1 1
+1 1
+1 1
+1 1
+72 2
+1 2
+1 2
+1 2
+1 2
+2 2
+1 2
+1 2
+1 2
+1 2
+1 2
+1 2
+1 2
+4 2
+1 2
+1 2
+6 2
+1 2
+1 4
+4 2
+1 2
+3 2
+1 2
+1 2
+3 2
+1 2
+1 2
+6 2
+1 2
+1 2
+1 2
+1 2
+1 2
+72 2
+1 2
+1 2
+1 2
+1 2
+2 2
+1 2
+1 2
+1 2
+1 2
+1 2
+1 2
+1 2
+4 2
+1 2
+1 2
+6 2
+1 2
+1 4
+4 2
+1 2
+3 2
+1 2
+1 2
+3 2
+1 2
+1 2
+6 2
+1 2
+1 2
+1 2
+1 2
+1 2
+72 4
+1 4
+1 4
+1 4
+1 4
+2 4
+1 4
+1 4
+1 4
+1 4
+1 4
+1 4
+1 2
+4 2
+1 2
+1 2
+6 2
+1 2
+1 4
+4 2
+1 2
+3 2
+1 2
+1 2
+3 2
+1 2
+1 2
+6 2
+1 2
+1 2
+1 2
+1 2
+1 2
+72 3
+1 3
+1 3
+1 3
+1 3
+2 3
+1 3
+1 3
+1 3
+1 3
+1 3
+1 3
+1 2
+4 2
+1 2
+1 2
+6 2
+1 2
+1 4
+4 2
+1 2
+3 2
+1 2
+1 2
+3 2
+1 2
+1 2
+6 2
+1 2
+1 2
+1 2
+1 2
+1 2
+72 1
+1 1
+1 1
+1 1
+1 1
+2 1
+1 1
+1 1
+1 1
+1 1
+1 1
+1 1
1943 3
+1 3
+1 3
+1 3
+1 3
+2 3
+1 3
+1 3
+1 3
+1 3
+1 3
+1 3
+1 2
+4 2
+1 2
+1 2
+6 2
+1 2
+1 4
+4 2
+1 2
+3 2
+1 2
+1 2
+3 2
+1 2
+1 2
+6 2
+1 2
+1 2
+1 2
+1 2
+1 2
+72 18
+1 18
+1 18
+1 18
+1 18
+2 18
+1 18
+1 18
+1 18
+1 18
+1 18
+1 18
+2 6
+4 6
+1 6
+1 6
+6 6
+1 6
+2 12
+4 6
+1 6
+3 6
+1 6
+1 6
+3 6
+1 6
+1 6
+6 6
+1 6
+1 6
+1 6
+1 6
+1 6
+74 23
+2 23
+1 23
+1 23
+1 23
-3 25
+1 25
+1 25
+1 25
+1 58
+5 29
+6 29
+1 29
+8 29
+1 29
-16 154
+6 154
+1 154
+8 154
+1 154

fl=(72) ./misc/../sysdeps/unix/syscall-template.S
fn=(236) mprotect
117 25
+5 5

fn=(470) munmap
117 5
+5 1

fl=(47)
fn=(238) _dl_assign_tls_modid
131 2
+3 1
+13 1
-13 1
+52 1
+2 1
+3 1
+1 2

fn=(260)
97 2
+4 1
-4 2
+4 1
-4 2
+4 3
cfi=(10)
cfn=(24)
calls=1 405 
* 21
* 1
+1 4
cfi=(10)
cfn=(24)
calls=1 405 
* 21
* 1
+8 1
-8 1
+6 2
+2 3
+3 1
+2 1
-32 3
+34 3
+1 5

fn=(414)
528 10
+1 2
+4 1
+6 1
-6 1
+6 1
cfi=(24)
cfn=(84)
calls=1 42 
* 3
+3 3
+12 1
-18 1
-1 1
+43 3
-19 13
+9 3
+1 2
+6 3
+1 1
+2 2
-2 1
+6 1
-4 2
+4 1
-4 2
+3 2
+4 2
+1 4
+2 2
+1 2
+17 1
-8 1
+8 1
+2 3
cfi=(29)
cfn=(128)
calls=1 199 
* 13
* 5
cfi=(44) ./string/../sysdeps/x86_64/multiarch/memset-vec-unaligned-erms.S
cfn=(132) memset
calls=1 125 
* 25
-49 1
+55 1
-55 4
+6 4
+55 2
cfi=(24)
cfn=(84)
calls=1 42 
* 3
+3 2
+3 9

fn=(264)
422 2
+13 1
-13 2
+2 1
+12 1
fi=(28)
56 1
cfi=(27)
cfn=(76)
calls=1 -21 
* 53
fe=(47)
437 3
+8 2
fi=(28)
44 1
fe=(47)
445 2
+1 1
+4 321
+19 1
-99 1
+4 1
+1 1
fi=(28)
44 1
cfi=(27)
cfn=(72)
calls=1 +34 
* 36
fe=(47)
376 2
+3 1
+6 2
+90 5

fn=(148)
197 1
+2 2
+1 1
+15 2

fn=(412)
1015 8
+6 1
+3 1
+1 1
+4 3
+34 2
+3 3
+1 3
+3 6

fn=(262)
221 8
+6 3
+3 2
+36 3
+2 1
-2 1
-2 1
-40 1
-1 1
-1 1
+46 2
+23 3
+3 1
-3 4
+2 2
-2 1
-25 1
+20 1
-20 5
+2 2
+3 1
-1 1
+5 2
-5 1
+1 1
-1 1
+3 2
+2 3
+32 3
-1 1
+1 4
+2 2
-2 2
+53 8

fl=(31)
fn=(212) _dl_dst_count
238 4
+3 2
-3 4
+7 2
-7 4
+3 2
cfi=(42) ./string/../sysdeps/x86_64/multiarch/../strchr.S
cfn=(118) index
calls=2 23 
* 72
+3 4
+20 14

fn=(172)
2022 30
+8 6
+1 12
+3 42
+5 49
+2 21
cfi=(54) ./elf/./elf/dl-misc.c
cfn=(174) _dl_name_match_p
calls=7 68 
* 815
* 14
+4 12
+1 18
+4 2
-1 10
+1 2
+1 2
-1 2
+1 2
cfi=(32)
cfn=(90)
calls=2 108 
* 91
* 4
2329 27
2068 2
+1 2
-1 2
+1 2
-1 2
+1 2
-1 4
-44 2
+53 6
+17 4
-2 2
+2 2
cfi=(42)
cfn=(118)
calls=2 23 
* 48
* 4
2260 2
-1 3
cfn=(138) expand_dynamic_string_token
calls=1 385 
* 168
+2 1
-3 1
+1 1
+2 2
+4 5
cfn=(176) open_verify.constprop.1
calls=1 1568 
* 283
+3 2
-3 1
+3 1
+12 4
+46 1
+1 3
-1 1
+1 9
cfn=(184) _dl_map_object_from_fd
calls=1 944 
* 1819
-1 1
+1 3
-1 1
+1 9
cfn=(184)
calls=1 944 
* 2221
* 6
2098 2
cfi=(22)
cfn=(60)
calls=1 41 
* 17
* 2
+2 2
+7 4
+51 11
cfn=(216) open_path
calls=1 1870 
* 1656
+6 1
-6 1
+6 4
682 1
2165 1
682 2
2252 2
+28 4
+2 4
2111 1
696 3
2111 1
+1 1
696 2
2116 3
682 1
2117 1
682 2
2173 1
+14 2
+2 3
+4 2
cfi=(68)
cfn=(222) _dl_load_cache_lookup
calls=1 416 
* 1281
* 1
+2 2
+4 2
+8 3
+23 6
cfn=(218) open_verify.constprop.0
calls=1 1568 
* 396
+4 2
-4 1
+4 1
+1 2
2131 5
+1 10
682 1
2133 1
682 2
2157 3
+1 2
-16 2

fn=(138)
385 14
241 2
385 2
241 2
385 2
241 2
cfi=(42)
cfn=(118)
calls=2 23 
* 72
+3 4
410 2
-11 2
+11 12
-11 2
cfi=(45)
cfn=(140)
calls=2 40 
* 168

fn=(134) fillin_rpath.isra.0
468 7
+4 1
-4 8
+6 3
cfi=(7)
cfn=(136)
calls=1 239 
* 240
* 3
cfi=(7)
cfn=(136)
calls=1 239 
* 8
* 6
+7 2
+2 3
cfn=(138)
calls=1 -98 
* 118
* 1
+4 2
+5 2
cfi=(22)
cfn=(60)
calls=1 41 
* 17
* 1
+1 2
+7 5
+9 15
+1 8
+55 2
fi=(28)
50 2
cfi=(27)
cfn=(144)
calls=1 +45 
* 5
+1 1
fe=(31)
528 2
+4 3
fi=(28)
56 1
cfi=(27)
cfn=(76)
calls=1 -21 
* 25
* 1
fe=(31)
534 2
+5 1
+1 2
-1 1
-1 1
+2 1
cfi=(29)
cfn=(128)
calls=1 199 
* 13
+3 1
-3 1
+1 1
+2 1
+6 1
+1 1
-1 3
+1 11
+1 1
-1 1
+1 2
-1 2
+1 1
-1 1
+1 2
-1 6
+1 1
-1 1
+1 1
-1 3
+1 1
-1 2
+3 1
+1 1
-1 1
+1 2
+1 1
+6 2
+1 2
-57 4
+66 1
+3 8
-46 4

fn=(88)
868 3
+8 3
-8 3
+8 3
-6 3
+12 6
-13 3
+13 3
-13 3
+13 6
+3 9
+1 6
+1 6
+43 3

fn=(176)
1568 11
+39 3
+19 4
cfi=(55) ./io/../sysdeps/unix/sysv/linux/open64_nocancel.c
cfn=(178) __open_nocancel
calls=1 28 
* 19
* 1
+2 2
+11 1
+6 2
-5 1
+5 8
cfi=(56)
cfn=(180)
calls=1 25 
* 6
+2 2
+2 2
+2 2
+6 2
+17 11
fi=(28)
50 2
cfi=(27)
cfn=(144)
calls=1 +45 
* 5
fe=(31)
1856 9
1674 3
+74 2
+5 2
+2 4
+6 2
+6 1
+1 1
-1 3
+1 1
-1 1
+1 2
+1 2
+20 3
+31 1
-31 1
1633 1
1820 2
-31 66
+1 28
+1 8
+4 8
+25 12
+3 18
+3 2
-4 2
+4 4
+6 4
-36 6

fn=(184)
944 20
+10 2
-10 8
+10 2
cfi=(46)
cfn=(186)
calls=2 38 
* 14
* 2
+7 8
+85 8
+10 4
+7 14
cfi=(26)
cfn=(70)
calls=2 59 
* 766
* 2
+1 4
+11 4
+5 2
-5 2
+1 4
+1 2
+2 2
-2 2
+2 4
+1 6
+1 2
+19 2
-2 1
+2 12
-2 1
+2 30
+10 8
+85 2
-58 2
-34 2
-1 2
+93 2
+6 2
-64 4
+9 2
+55 4
-55 2
-42 2
+97 4
1101 2
-5 4
+15 60
+20 2
+1 1
-22 69
+1 127
1213 4
1110 2
1213 4
1110 6
1218 6
+10 4
+1 2
-1 2
+1 2
-1 6
+1 6
-1 6
+1 6
-1 18
1076 4
1235 4
+10 8
+7 4
fi=(61) ./elf/./dl-map-segments.h
96 2
fe=(31)
1252 6
fi=(61)
28 2
fe=(31)
1252 2
fi=(61)
96 2
fe=(31)
1252 2
fi=(61)
28 4
+1 16
cfi=(60)
cfn=(194)
calls=2 +18 
* 18
+74 4
-1 2
-73 2
+74 2
+3 4
+1 2
+2 2
-3 2
+1 2
+2 2
+7 8
+3 4
cfi=(72)
cfn=(236)
calls=1 -2 
* 6
* 3
+7 2
+2 2
fi=(62) ./elf/./dl-load.h
-37 16
+1 6
+2 16
fi=(61)
+56 32
+8 2
-2 2
+1 2
+2 2
-1 2
+1 2
-1 6
+8 4
+3 4
+8 14
cfi=(44)
cfn=(132)
calls=2 -52 
* 237
+1 4
+5 4
+12 8
-59 40
+2 12
+3 6
-3 12
+2 48
cfi=(60)
cfn=(194)
calls=6 -93 
* 54
* 18
fi=(57) ./elf/../sysdeps/posix/dl-fileid.h
37 6
cfi=(58)
cfn=(190)
calls=2 -8 
* 30
* 4
fe=(31)
999 4
fi=(57)
40 6
fe=(31)
999 2
fi=(57)
40 2
fe=(31)
999 23
+1 10
fi=(57)
49 12
fe=(31)
1515 18
1018 4
+66 13
+1 2
-1 1
+1 1
-1 1
+1 1
cfi=(71)
cfn=(232)
calls=1 25 
* 7
* 2
+26 26
+26 48
+10 8
-1 8
-1 8
+2 8
+2 8
-2 8
-1 48
+2 16
+1 8
+2 8
-3 8
+3 48
+2 16
+4 16
+1 30
+4 6
+1 6
-1 6
+1 42
-18 6
+28 6
-11 2
+1 2
-1 2
+1 14
-18 2
+28 2
-56 4
+7 2
+2 2
-2 2
+1 2
+1 2
-1 4
+1 16
+50 3
+5 1
-1 2
+5 1
-5 2
-56 1
+61 4
+1 1
+3 1
-3 1
+8 4
+15 4
+1 2
+58 8
+1 6
fi=(63) ./elf/./elf/get-dynamic-info.h
39 4
+6 2
-2 2
+2 4
+9 2
+5 2
+3 2
+2 2
-3 2
-3 2
-3 28
+13 8
-23 32
+23 29
-23 116
+4 74
+5 40
+2 10
+3 8
+13 8
+10 7
+1 8
+1 8
+1 8
+2 8
+5 7
+1 7
+1 8
+3 6
+5 2
+7 4
+1 6
+22 6
+5 2
+2 2
+2 2
+2 2
+4 6
+2 3
+1 2
+9 2
+6 2
+4 4
fe=(31)
1275 4
+1 4
+2 4
+10 6
+19 6
+2 10
+52 6
+1 2
+6 16
+1 42
+6 8
cfn=(88)
calls=2 868 
* 40
-7 54
+1 25
+6 25
-6 50
fi=(30)
95 16
213 2
-1 4
105 4
212 2
105 2
-2 2
-3 2
+2 2
+3 2
-4 4
+92 8
-1 2
-87 6
+3 6
+1 4
+1 4
+4 6
+4 6
+3 6
+1 4
+4 2
+1 8
+58 6
+2 8
-56 6
+1 3
+3 6
+3 3
+1 12
+5 6
+2 6
+5 6
+14 3
-1 6
+2 2
-1 4
fe=(31)
1380 4
cfi=(64)
cfn=(204)
calls=2 25 
* 12
* 4
+13 4
+2 8
+2 4
+16 4
cfi=(8)
cfn=(14)
calls=2 25 
* 58
+4 4
+1 4
+17 4
+1 1
+3 1
+5 1
-5 1
+5 1
-5 1
+5 1
-5 1
+5 1
+10 4
+7 12
+10 4
+1 4
+5 2
cfi=(47)
cfn=(238)
calls=1 131 
* 10
+7 6
cfi=(26)
cfn=(82)
calls=2 31 
* 94
+3 8
+23 14
+1 6
cfi=(49)
cfn=(206)
calls=2 76 
* 10
* 2
fi=(62)
95 5
+2 1
-1 2
+1 1
-1 1
+1 1
-1 1
+1 1
-1 2
+3 4
fe=(31)
1506 10
fi=(30)
198 8
+2 2
+1 2
+2 2
-3 6
fe=(31)
1368 6
fi=(63)
62 8
+2 8
fe=(31)
1084 2
fi=(61)
187 8
cfi=(60)
cfn=(194)
calls=1 47 
* 9
+3 2
fe=(31)
1462 6
+2 1
-1 5
+1 1
-1 1
+1 1
-1 1
cfi=(32)
cfn=(90)
calls=1 108 
* 25
* 2
+2 5
1275 2
fi=(57)
49 3
fi=(30)
170 3
-39 2
fe=(31)

fn=(106)
706 11
+14 1
-14 2
+14 2
cfi=(38) ./elf/./elf/dl-hwcaps.c
cfn=(108) _dl_important_hwcaps
calls=1 175 
* 1847
fi=(28)
56 1
fe=(31)
720 1
fi=(28)
56 1
cfi=(27)
cfn=(76)
calls=1 -21 
* 25
fe=(31)
725 1
+2 2
+7 2
+1 2
-1 3
+5 3
fi=(28)
56 1
cfi=(27)
cfn=(76)
calls=1 -21 
* 25
fe=(31)
739 1
+2 4
+17 1
-10 1
+19 1
-11 1
-9 1
+9 1
+12 2
-10 1
+3 2
+9 1
-7 1
+4 1
+3 2
-3 1
-8 1
+3 1
+8 1
-3 1
+1 16
cfi=(44)
cfn=(132)
calls=4 125 
* 72
+2 18
-14 3
+10 3
+4 3
-12 3
-2 3
+2 3
+4 3
-3 3
+3 3
+1 3
-2 3
+5 6
+1 3
-4 3
+4 3
+15 1
+3 1
-15 1
+7 1
-1 1
+9 2
+2 4
+2 3
+36 5
+2 2
cfi=(22)
cfn=(60)
calls=1 41 
* 17
* 9
-19 1
-2 1
+2 2
+19 9
cfi=(29)
cfn=(80)
calls=1 212 
* 11
* 1
+5 4
-1 2
+2 1
+1 2
-2 4
+1 13
+1 26
-2 52
+5 1
fi=(28)
56 1
cfi=(27)
cfn=(76)
calls=1 -21 
* 25
fe=(31)
836 1
fi=(28)
56 1
fe=(31)
838 2
+6 6
cfn=(134)
calls=1 468 
* 587
+3 3
+6 1
+4 8
-35 2
+5 2

fn=(216)
1870 8
+1 1
-1 6
+1 1
+6 2
+5 16
-7 2
+7 1
-8 1
+8 2
+3 2
+9 6
+7 3
+1 1
-1 1
cfi=(29)
cfn=(128)
calls=1 199 
* 13
-12 1
+12 1
+59 5
-58 4
+3 20
+5 80
cfi=(29)
cfn=(128)
calls=10 199 
* 134
* 40
cfi=(29)
cfn=(128)
calls=10 199 
* 130
+3 20
+6 30
+3 60
cfn=(218)
calls=10 1568 
* 540
* 10
+2 30
+2 20
+65 8
+7 2
-2 2
+2 2
+3 3
-13 1
+27 9
1902 58
+29 20
+1 70
+6 20
+2 10
-2 10
+2 20
cfi=(67) ./io/../sysdeps/unix/sysv/linux/stat64.c
cfn=(220) stat
calls=10 28 
* 158
* 10
+3 10
-3 20
+1 1
+2 2
-2 1
+2 26
-61 2

fn=(218)
1568 121
+39 33
+19 44
cfi=(55)
cfn=(178)
calls=11 28 
* 239
* 11
+2 22
+11 1
+6 2
-5 1
+5 8
cfi=(56)
cfn=(180)
calls=1 25 
* 6
+2 2
+2 2
+2 2
+6 2
+17 11
fi=(28)
50 2
cfi=(27)
cfn=(144)
calls=1 +45 
* 5
fe=(31)
1856 99
1674 3
+74 2
+5 2
+2 4
+6 2
+6 1
+1 1
-1 3
+1 1
-1 1
+1 2
+21 3
+31 1
-31 1
1633 1
1820 2
-31 48
+1 24
+1 8
+4 8
+6 4
+1 28
+10 12
cfi=(71)
cfn=(232)
calls=2 25 
* 14
* 16
+8 18
+15 2
+6 1
-3 1
+1 1
+1 1
+1 2
-3 1
+1 1
+1 1
+2 1
-3 3
-1 1
+4 2
-19 18
+3 2
-4 2
+4 4
+5 1
+1 4
-60 13
+1 3
-1 1
+1 3
cfi=(71)
cfn=(232)
calls=1 25 
* 7
* 3
+16 5
1612 20
+62 3
1802 4
-30 2

fl=(43) ./string/../sysdeps/x86_64/memcmp.S
fn=(124) bcmp
22 1
+5 1
+1 1
+1 1
+1 1
+1 1
+1 1
+1 1
+1 1
+3 1
+1 1
+1 1
+1 1
+1 1
+1 1
+1 1
+1 1
+1 1
+2 1
+1 1
+17 1
+1 1
+17 1
+1 1
+1 1
+1 1
+1 1
+4 1
+47 1
+1 1
+1 1
+1 1
+1 1
+1 1
+1 1
+1 1
+1 1
+1 1
+1 1
+1 1
+1 1

fl=(53) ./setjmp/../sysdeps/x86_64/setjmp.S
fn=(168) __sigsetjmp
30 3
+2 3
+9 3
+1 6
+1 3
+4 3
+1 3
+1 3
+1 3
+1 3
+2 6
+2 3
+1 3
+1 3
+2 6
+2 3
+8 3
+3 3
+1 3
+7 3
+1 3

fl=(9)
fn=(16)
85 4
+25 1
-25 6
+25 1
-1 1
+1 129
+11 1
-8 1
+1 1
-4 1
+3 1
+6 1
+2 13
-34 1
-1 1
+36 113
+3 1
+1 1
-5 85
+57 1
-57 1
+58 1
-1 1
-57 3
+29 1
-29 1
+30 1
-1 1
-29 3
+41 1
-41 1
+42 1
-1 1
-41 3
+35 1
-35 1
+36 1
-1 1
-35 3
+32 1
-32 1
+33 1
-1 1
-32 4
+13 1
-13 1
+14 1
-1 1
-13 3
+10 1
-10 1
+11 1
-1 1
-10 3
+7 1
-7 4
224 1
cfi=(10)
cfn=(18)
calls=1 +58 
* 20280
+3 1
cfi=(12)
cfn=(22)
calls=1 +54 
* 32
fi=(13)
36 2
cfi=(14) ./elf/../sysdeps/unix/sysv/linux/brk.c
cfn=(28) brk
calls=1 -1 
* 8
fi=(6)
215 1
cfi=(15)
cfn=(32)
calls=1 37 
* 7224
fe=(9)
+23 3
+1 1
cfi=(22)
cfn=(60)
calls=1 41 
* 17
* 1
+2 2
cfi=(23)
cfn=(62)
calls=1 37 
* 15
* 3
+12 3
+3 5
cfi=(2)
cfn=(64)
calls=1 1320 
* 112623
+2 9

fn=(464)
262 1
+1 1

fl=(78)
fn=(272)
194 8
+14 4
-14 36
+16 4
-16 8
+14 4
+2 8
+3 4
-1 4
+1 8
+19 8
+6 20
-34 6
+38 6
+7 12
fi=(6)
71 10
+6 4
+4 3
+14 1
-8 1
+8 2
+20 2
+4 5
-2 2
fe=(78)
288 160
-83 1
fi=(6)
474 4
fe=(78)
205 2
+83 2
fi=(5)
49 1
fe=(78)
288 1
fi=(5)
60 1
-11 2
+11 2
fe=(78)
288 3
-83 3
fi=(6)
474 12
fe=(78)
205 6
+83 6
fi=(5)
49 3
fe=(78)
288 3
fi=(5)
60 3
-11 6
+11 6
fe=(78)
288 8
fi=(5)
49 4
fe=(78)
288 4
fi=(5)
60 4
-11 8
+11 8
-7 1
-1 1
+11 8
fi=(6)
545 28
+4 28
+3 42
+1 14
fi=(5)
63 42
+2 216
+2 120
-4 120
+13 6
+1 8
+1 80
fi=(6)
545 40
+34 80
+2 40
cob=(3)
cfi=(128) ./string/../sysdeps/x86_64/multiarch/rawmemchr.c
cfn=(408) rawmemchr
calls=1 31 
* 23
cob=(3)
cfi=(127) ./string/../sysdeps/x86_64/multiarch/strncase.c
cfn=(406) strncasecmp
calls=1 31 
* 7
cob=(3)
cfi=(126) ./string/../sysdeps/x86_64/multiarch/mempcpy.c
cfn=(402) mempcpy
calls=1 33 
* 22
cob=(3)
cfi=(125) ./string/../sysdeps/x86_64/multiarch/strspn.c
cfn=(400) strspn
calls=1 29 
* 7
cob=(3)
cfi=(123) ./string/../sysdeps/x86_64/multiarch/memchr.c
cfn=(396) memchr
calls=1 29 
* 23
cob=(3)
cfi=(122) ./string/../sysdeps/x86_64/multiarch/stpcpy.c
cfn=(392) stpcpy
calls=1 33 
* 17
cob=(3)
cfi=(120) ./wcsmbs/../sysdeps/x86_64/multiarch/wmemcmp.c
cfn=(388) wmemcmp
calls=1 29 
* 22
cob=(3)
cfi=(119) ./string/../sysdeps/x86_64/multiarch/strncpy.c
cfn=(384) strncpy
calls=1 29 
* 17
cob=(3)
cfi=(118) ./string/../sysdeps/x86_64/multiarch/strlen.c
cfn=(380) strlen
calls=1 29 
* 21
cob=(3)
cfi=(117) ./string/../sysdeps/x86_64/multiarch/strcasecmp_l.c
cfn=(378) strcasecmp_l
calls=1 31 
* 7
cob=(3)
cfi=(116) ./string/../sysdeps/x86_64/multiarch/strcpy.c
cfn=(374) strcpy
calls=1 29 
* 17
cob=(3)
cfi=(115) ./string/../sysdeps/x86_64/multiarch/strchrnul.c
cfn=(370) strchrnul
calls=1 31 
* 21
cob=(3)
cfi=(114) ./string/../sysdeps/x86_64/multiarch/memrchr.c
cfn=(366) memrchr
calls=1 29 
* 21
cob=(3)
cfi=(112) ./wcsmbs/../sysdeps/x86_64/multiarch/wmemset.c
cfn=(362) wmemset
calls=2 31 
* 38
cob=(3)
cfi=(110) ./string/../sysdeps/x86_64/multiarch/memcmp.c
cfn=(358) bcmp
calls=1 29 
* 22
cob=(3)
cfi=(109) ./string/../sysdeps/x86_64/multiarch/strncase_l.c
cfn=(356) strncasecmp_l
calls=1 31 
* 7
cob=(3)
cfi=(108) ./string/../sysdeps/x86_64/multiarch/strcat.c
cfn=(352) strcat
calls=1 29 
* 17
cob=(3)
cfi=(107) ./wcsmbs/../sysdeps/x86_64/multiarch/wcscpy.c
cfn=(350) wcscpy
calls=1 43 
* 7
cob=(3)
cfi=(106) ./string/../sysdeps/x86_64/multiarch/strcspn.c
cfn=(348) strcspn
calls=1 29 
* 7
cob=(3)
cfi=(105) ./string/../sysdeps/x86_64/multiarch/strcasecmp.c
cfn=(346) strcasecmp
calls=1 31 
* 7
cob=(3)
cfi=(104) ./string/../sysdeps/x86_64/multiarch/strncmp.c
cfn=(344) strncmp
calls=1 66 
* 17
cob=(3)
cfi=(102) ./wcsmbs/../sysdeps/x86_64/multiarch/wmemchr.c
cfn=(340) wmemchr
calls=2 31 
* 46
cob=(3)
cfi=(100) ./string/../sysdeps/x86_64/multiarch/stpncpy.c
cfn=(336) stpncpy
calls=1 31 
* 17
cob=(3)
cfi=(99) ./wcsmbs/../sysdeps/x86_64/multiarch/wcscmp.c
cfn=(332) wcscmp
calls=1 30 
* 21
cob=(3)
cfi=(98) ./string/../sysdeps/x86_64/multiarch/memmove.c
cfn=(328) memmove
calls=2 29 
* 44
cob=(3)
cfi=(97) ./string/../sysdeps/x86_64/multiarch/strrchr.c
cfn=(324) rindex
calls=1 28 
* 21
cob=(3)
cfi=(96) ./string/../sysdeps/x86_64/multiarch/strchr.c
cfn=(322) index
calls=1 61 
* 19
cob=(3)
cfi=(94) ./wcsmbs/../sysdeps/x86_64/multiarch/wcschr.c
cfn=(318) wcschr
calls=2 31 
* 42
cob=(3)
cfi=(92) ./string/../sysdeps/x86_64/multiarch/memcpy.c
cfn=(314) memcpy@@GLIBC_2.14
calls=1 29 
* 22
cob=(3)
cfi=(91) ./wcsmbs/../sysdeps/x86_64/multiarch/wcslen.c
cfn=(310) wcslen
calls=1 29 
* 19
cob=(3)
cfi=(89) ./string/../sysdeps/x86_64/multiarch/memset.c
cfn=(306) memset
calls=1 29 
* 24
cob=(3)
cfi=(87) ./wcsmbs/../sysdeps/x86_64/multiarch/wcsnlen.c
cfn=(302) wcsnlen
calls=1 29 
* 19
cob=(3)
cfi=(86) ./string/../sysdeps/x86_64/multiarch/strcmp.c
cfn=(300) strcmp
calls=1 65 
* 17
cob=(3)
cfi=(85) ./string/../sysdeps/x86_64/multiarch/strpbrk.c
cfn=(298) strpbrk
calls=1 29 
* 7
cob=(3)
cfi=(83) ./string/../sysdeps/x86_64/multiarch/strnlen.c
cfn=(294) strnlen
calls=2 31 
* 42
-36 40
+37 40
fi=(5)
77 121
fe=(78)
288 32
+3 24
+24 4
+3 8
+17 12
+2 32
-98 8
+3 2
+7 4
-9 2
fi=(5)
86 14
+2 14
+12 7
-14 28
+14 14
+10 10
+3 13
+1 3
fi=(6)
529 3
fi=(5)
114 3
fi=(6)
529 6
fi=(5)
114 1198
fi=(6)
529 1198
fi=(5)
114 1198
fi=(6)
529 2396
+5 2402
+1 1201
fi=(5)
113 1201
fi=(6)
535 1201
-5 1201
fi=(5)
113 2402
+7 28
+4 20
+2 10
-73 3
fi=(6)
484 3
fi=(5)
52 3
fi=(6)
484 6
fi=(5)
128 6
+1 3
+1 3
-2 3
+2 3
+3 3
-5 3
+2 3
-2 3
+1 6
+2 3
-2 3
+2 9
+2 6
-5 220
+1 110
+1 110
-2 110
+2 110
+3 110
-5 110
+2 110
-2 110
+1 220
+2 110
-2 110
+2 330
+2 220
+9 111
fi=(6)
262 222
+21 222
+4 222
+7 444
fi=(4)
138 285
fi=(6)
294 3658
cfi=(79)
cfn=(280)
calls=92 840 
* 52206
* 828
+2 285
+30 656
450 279
fi=(5)
145 313
-19 339
+32 15
+1 6
fi=(6)
294 2
+22 2
-22 4
fi=(5)
160 6
+3 2
+4 2
-4 2
+4 4
-2 2
-2 2
+2 2
+1 2
-1 4
fi=(6)
294 8
508 2
-1 4
+1 4
+1 2
cfi=(15)
cfn=(436)
calls=1 71 
* 6
cob=(3)
cfi=(81) ./string/../sysdeps/x86/cacheinfo.c
cfn=(290) __x86_cacheinfo
calls=1 86 
* 28
+1 2
fi=(5)
159 2
fi=(6)
510 2
fi=(5)
159 8
-14 3
+1 51
fi=(6)
490 3
+5 2
-1 3
+1 2
-1 1
cfi=(29)
cfn=(80)
calls=1 212 
* 11
+2 4
+1 1
-75 51
+4 68
+5 17
+9 17
-9 34
+9 17
fi=(5)
145 66
fi=(6)
296 156
+3 108
-3 108
+3 216
+2 25
+3 10
+1 15
+11 10
+7 5
cob=(3)
cfi=(92)
cfn=(314)
calls=1 29 
* 22
cob=(3)
cfi=(86)
cfn=(300)
calls=1 65 
* 17
cob=(3)
cfi=(89)
cfn=(306)
calls=1 29 
* 24
cob=(3)
cfi=(118)
cfn=(380)
calls=1 29 
* 21
cob=(3)
cfi=(116)
cfn=(374)
calls=1 29 
* 17
* 15
+3 10
fi=(5)
135 10
+3 2
fi=(6)
296 92
+3 92
-3 200
+3 4
fi=(5)
50 8
fe=(78)
308 14
fi=(6)
-14 29
fe=(78)
+49 20
+3 4
-3 4
+3 4
+4 8
+1 16
cfi=(72)
cfn=(236)
calls=4 117 
* 24
* 8
-63 6
fi=(5)
53 2
175 7
+2 2
+1 2
-1 1
+3 1
-3 4
+3 2
-3 10
+1 10
-1 5
+3 5
-3 20
+3 10
+8 6
fi=(6)
+74 12
+21 12
+4 12
+7 24
fi=(4)
138 18
fi=(6)
294 204
cfi=(79)
cfn=(280)
calls=6 840 
* 3251
* 54
+2 18
+30 36
450 12
fi=(5)
191 18
-16 18
+30 4
fi=(6)
+91 2
+3 2
-3 2
+3 4
-3 2
+3 2
-3 4
fe=(78)

fl=(144)
fn=(474)
77 12
+1 1
+1 1
+3 3
+8 2
+25 1
+1 5
+1 2
-86 4
+86 6
-86 12
+2 20
cfn=(476) call_init.part.0
calls=3 -7 
* 211
+83 12
+7 8
-92 4
+2 6
cfn=(476)
calls=1 -7 
* 61
+52 2

fn=(476)
26 32
+13 4
-13 4
+16 4
-3 8
+3 8
+5 6
+8 9
+1 6
cob=(2)
cfi=(51)
cfn=(478)
calls=1 -56 
* 26
+3 3
+1 6
+6 2
+2 2
-2 1
+3 7
+1 4
cob=(3)
cfi=(149) ./libio/./libio/vtables.c
cfn=(504) check_stdfiles_vtables
calls=1 +13 
* 12
* 4
cob=(3)
cfi=(146) ./csu/./csu/init-first.c
cfn=(496) _init_first
calls=1 -24 
* 92
-1 6
+3 24
-29 2

fl=(41) ./elf/./elf/dl-hwcaps_split.c
fn=(116) _dl_hwcaps_split_masked
51 55
-25 42
+4 24
+4 48
+1 12
-1 24
+2 24
+5 27
cfi=(42)
cfn=(118)
calls=9 -18 
* 216
+1 18
+3 6
+11 12
+1 12
+1 6
-1 6
+1 6
-2 6
+1 6
+1 3
-1 3
+1 27
cfn=(120) _dl_hwcaps_contains
calls=6 +8 
* 30
* 12
-3 5
+7 44
-19 6
cfi=(22)
cfn=(60)
calls=3 -2 
* 51
* 3

fn=(122) _dl_hwcaps_split
25 4
+1 3
+21 1
-20 1
+20 3

fn=(120)
66 6
+1 12
+1 6
+9 6

fl=(129)
fn=(416)
561 4
+3 1
+2 2
+13 1
cfn=(420) _dlfo_process_initial
calls=1 474 
* 79
+1 1
-1 1
+1 1
fi=(28)
56 1
cfi=(27)
cfn=(76)
calls=1 -21 
* 25
fe=(129)
580 1
fi=(28)
56 1
fe=(129)
582 2
+3 2
+5 1
+1 1
cfn=(420)
calls=1 474 
* 280
+3 3
+10 4
-37 2
cfi=(130) ./elf/./dl-find_object.h
cfn=(418) _dl_find_object_from_map
calls=1 95 
* 68
* 1
+29 2
cfn=(422) _dlfo_sort_mappings
calls=1 -60 
* 80
+3 6
+2 1

fn=(420)
474 2
+3 2
-3 2
+1 2
+3 4
+26 14
+1 6
+1 8
-1 16
+3 28
+3 24
-7 10
+25 2
+2 8
-18 18
+3 6
-1 6
cfi=(130)
cfn=(418)
calls=3 95 
* 189
+2 12

fn=(422)
536 1
+1 2
+3 4
+4 1
+1 1
-1 1
+1 2
-1 1
+1 1
-1 1
+1 6
+1 19
-1 9
+8 6
+1 4
-1 2
-13 4
+14 6
+1 4
-15 4
+17 1

fl=(55)
fn=(178)
28 13
+3 13
-3 39
+3 78
+8 91
+2 3
-2 30
+2 10

fl=(13)
fn=(100)
46 5
+2 3
+40 2
cfi=(36)
cfn=(102)
calls=1 +32 
* 6
+15 1
-15 2
+20 1
-1 1
+3 12
+4 3
-2 6
+2 11
+3 2
-1 2
+1 6
-3 8
+3 1
-1 1
+1 3
-3 4
+7 3
-1 3
+4 3
-2 3
+2 12
+9 5

fl=(25)
fn=(68)
28 3
+1 3
+3 48
+13 38
-13 76
+2 80
+1 18
+5 2
-3 2
+3 2
+2 2
+7 1

fl=(19) ./elf/../sysdeps/x86/dl-cacheinfo.h
fn=(46) handle_intel.constprop.0
255 24
-5 24
+16 12
-16 72
+13 12
+1 36
-3 24
+11 60
+5 24
+2 12
+1 12
-1 12
+5 48
cfn=(48) intel_check_word.constprop.0
calls=12 123 
* 3876
+2 24
+3 60
cfn=(48)
calls=12 123 
* 1156
+2 24
+3 5
cfn=(48)
calls=1 123 
* 20
+2 2
+3 5
cfn=(48)
calls=1 123 
* 255
+2 2
-35 3
+39 3
+5 96

fn=(48)
123 78
-4 78
+10 104
-10 26
+10 52
+2 52
+71 200
-71 102
+2 63
+2 126
+8 126
+51 102
+22 51
fi=(20) ./elf/../bits/stdlib-bsearch.h
28 51
-1 102
+4 102
+1 51
fe=(19)
+78 102
fi=(20)
-79 76
+1 38
fe=(19)
+78 76
+3 345
fi=(20)
-84 820
+2 512
+1 256
fe=(19)
+78 512
+15 15
246 104
fi=(20)
37 63
-8 151
fe=(19)
155 36
+3 36
-6 54
+3 14
+9 14
+23 19
-32 57
+3 57
+4 50
+2 100
+2 50
+2 36
+4 11
+2 22
+6 14
+3 8
+1 12
-8 4
+2 4
-1 4
-1 4
+2 8
-2 4
+3 12
-2 12
+2 8
-10 24
+1 10
+11 12
-26 4
+9 4
+23 2
-32 6
+3 6
+4 8
+2 16
+2 8
-11 3
+7 6
+2 12

fn=(52) get_common_cache_info.constprop.0
481 1
+17 1
-17 4
+16 1
-16 1
+15 1
-15 3
+18 1
-1 1
+9 2
+3 3
+11 1
-11 1
-5 1
+21 3
+4 2
681 4
+1 5
+4 2
+9 2
-2 1
+2 2
-1 1
+1 3
535 6
+3 8
+7 2
-7 9
+7 6
+3 26
+14 2
+4 1
+3 1
+1 1
-4 2
+3 3
+6 2
-37 6
+15 2
+4 1
+1 1
-1 2
+18 2
-68 6
+74 4
+8 7
+2 2
+4 3
+2 1
+2 5
-4 1
+16 1
-16 3
+21 2
-21 4
+3 1
+1 4
-4 1
+6 4
+3 2
+5 1
+2 2
+1 1
+1 1
-2 2
+1 1
-19 5
+46 2
+1 1
+1 2
+2 2
-1 3
-23 2
+7 1
+2 2
-16 1
+22 1
-6 2
+1 1
+5 1

fl=(39) ./elf/../sysdeps/x86_64/dl-hwcaps-subdirs.c
fn=(110) _dl_hwcaps_subdirs_active
29 1
fi=(18) ./elf/../sysdeps/x86/get-isa-level.h
+2 1
fe=(39)
+7 1
fi=(18)
-7 2
-1 2
fe=(39)
+22 1
fi=(18)
-20 3
+4 1
fe=(39)
+2 1
fi=(18)
-2 2
+3 4
+1 4
+5 1
fe=(39)
-7 1
fi=(18)
+7 3
fe=(39)
-2 1
fi=(18)
+5 2
+1 3
+2 4
+1 2
+1 2
+6 1
fe=(39)
-11 1
fi=(18)
+11 1
-3 2
fe=(39)

fl=(59)
fn=(192)
153 26
-55 26
+70 30
+1 4
-2 18
+1 18

fl=(130)
fn=(418)
95 8
+1 8
+1 4
+6 20
+1 119
+1 82
+2 12
+5 4

fl=(50)
fn=(158)
25 1
+2 1
+7 1
+1 1
+2 1
+1 1
+1 1
+1 1
+1 33
+3 3
+7 1
+1 1
+1 1
+1 1
+2 1
+1 1
+1 1
+1 1
+2 1
+1 1
+1 1
+9 3
+12 1
+2 1
+1 1
+1 1
-4 12
+2 12
+1 12
+1 12
+2 13
+1 13
+1 13
+2 13
+1 13
+1 13
+2 13
+1 13
+1 13
+2 1
+1 1
+1 1
+2 1
+7 1
+4 1

fl=(46)
fn=(152)
116 2
+1 2

fn=(146)
56 1
+3 2
+4 1
-6 1
+4 1
+2 2
+22 2
+5 2
+1 1
+1 1
-1 1
-1 1
+5 2
+4 2
+8 2
-43 2
+32 6

fn=(186)
38 3
+3 3
-1 6
+4 6
+4 3

fl=(66)
fn=(210)
159 5
+1 3
-1 1
+1 1
-1 2
+1 1
-1 3
+1 1
-1 4
+1 12
-8 1
-7 1
+15 1
-14 1
+6 1
+8 1
-15 1
+7 1
-8 1
+1 1
+7 1
-7 1
+31 3
-28 3
-2 1
+31 1
-33 2
+2 2
+30 2
-30 1
-1 4
+7 4
+24 2
-32 1
+60 1
-60 2
+36 1
fi=(74) ./elf/../include/scratch_buffer.h
77 3
fe=(66)
198 1
fi=(74)
78 1
fe=(66)
200 2
+98 1
198 1
+4 1
+7 1
+4 4
-4 3
+4 12
+11 12
-18 2
+18 4
433 12
+2 2
+3 2
-3 4
+3 2
fi=(28)
56 2
cfi=(27)
cfn=(76)
calls=2 -21 
* 50
* 2
fe=(66)
439 4
+6 2
+1 10
cfi=(29)
cfn=(80)
calls=2 212 
* 22
+1 10
cfi=(29)
cfn=(80)
calls=2 212 
* 22
+4 2
-1 2
+5 16
204 9
458 9
-1 4
+1 8
199 3
+27 10
+5 2
+6 2
-5 2
-1 2
+2 4
+4 8
-31 2
+31 2
+1 6
+6 8
cfi=(31)
cfn=(212)
calls=2 -6 
* 108
* 6
+4 4
-2 2
+2 4
cob=(2)
cfi=(51)
cfn=(164)
calls=2 0 
* 6728
+1 4
+9 2
+2 4
+5 10
+6 2
+2 2
-8 4
+3 2
+1 2
+1 2
+1 2
+4 10
+4 6
+1 3
-43 200
+1 96
+44 144
-38 4
fi=(74)
85 3
fe=(66)
464 6
+1 1
+3 4
+11 3
fi=(28)
56 1
cfi=(27)
cfn=(76)
calls=1 -21 
* 25
* 1
fe=(66)
481 2
+5 3
+1 1
-1 2
+4 2
-2 1
+2 1
-2 2
+13 3
+5 3
-16 9
-2 3
+6 3
+7 3
-2 6
-5 1
+7 1
-2 2
+2 2
+5 1
-16 6
+19 2
+52 3
+37 3
+15 1
-11 1
+11 1
-14 2
+20 1
-1 3
+1 3
-1 5
cfi=(12)
cfn=(246)
calls=1 290 
* 260
+5 1
+3 1
-1 1
+2 2
+7 3
+3 3
+3 8
214 25
+3 2
fi=(74)
-86 6
cfi=(73)
cfn=(240)
calls=2 30 
* 40
fe=(66)
+86 4
+4 6
613 2
cfi=(29)
cfn=(80)
calls=1 212 
* 11
* 1
-53 2
160 2
380 6

fn=(214) openaux
61 6
+7 2
-4 4
+1 2
-1 16
cfi=(31)
cfn=(172)
calls=2 2022 
* 6570
* 2
+5 4

fl=(8)
fn=(14)
25 4
+3 4
-3 4
+3 8
+3 12
+1 8
+2 4
-1 4
+3 12
+1 4
+4 4
-3 4
+7 4
-4 4
-3 4
+2 8
+5 4
-5 4
-2 4
+7 4
-5 4
+10 4

fl=(133)
fn=(432)
30 2
+10 3
-10 1
+10 2
-10 1
+7 1
+3 2
cfi=(134)
cfn=(434)
calls=1 +34 
* 175
+4 2
+1 8
+2 3
-2 1
+2 3
cfi=(134)
cfn=(434)
calls=1 +27 
* 198
+4 2
+1 6
+1 2
-1 1
+1 2

fl=(16)
fn=(40) update_active.constprop.0
43 7
+45 1
-41 1
+28 1
-18 1
+31 1
+4 1
-36 1
-1 1
+37 1
-26 1
-11 1
+1 1
+36 2
+1 1
-17 1
-21 1
+25 1
-4 1
-11 1
+28 1
-1 1
-36 1
+18 1
+19 1
-13 1
-4 1
-11 1
+19 1
+11 1
-3 1
-12 1
+14 1
-29 1
+18 1
+9 1
-18 1
+13 1
-13 1
-9 1
+29 2
+3 1
-14 1
-9 1
+9 1
+4 1
+10 1
-17 1
+7 1
+5 1
+5 1
+1 1
-1 1
+1 2
+2 2
+1 4
+3 1
+1 1
-1 1
+1 1
-1 1
+1 1
-1 1
+1 1
+4 2
+4 2
+2 4
+83 3
+12 2
+1 1
+3 3
+4 1
-4 1
+4 1
+67 3
+4 3
fi=(18)
31 1
-3 1
+3 1
-1 2
fe=(16)
296 1
+1 8
-75 3
+1 2
+3 1
-1 1
+9 1
-5 1
+2 1
-2 1
+5 1
fi=(18)
32 3
+4 3
fe=(16)
+83 2
+2 1
+3 2
+10 1
+10 1
-10 1
+10 1
-10 1
+6 1
+4 1
-4 1
-6 1
+6 1
+2 1
-2 1
+2 3
+7 4
fi=(18)
39 3
+1 4
+5 1
-7 1
+7 3
+2 1
+1 2
+1 3
+2 4
+1 2
+1 2
+6 1
-4 1
+4 1
-3 2
fe=(16)
+75 1
-5 2
+4 1

fn=(34)
399 1
+16 1
-16 6
+3 1
+1 1
+1 1
+11 2
+3 6
593 1
+94 5
+1 1
+3 2
+1 1
+6 1
+3 1
fi=(19)
+5 1
+2 1
fe=(16)
-9 1
fi=(19)
+23 2
840 1
+46 1
-46 17
+45 2
+25 2
+21 2
-21 2
+13 3
+8 1
-8 1
+8 1
cfi=(10)
cfn=(24)
calls=1 405 
* 21
* 1
+2 2
+3 4
cfi=(10)
cfn=(24)
calls=1 405 
* 21
* 1
+2 1
+3 2
-3 2
+3 1
-3 1
+3 1
cfi=(10)
cfn=(24)
calls=1 405 
* 21
* 1
+1 5
+16 2
-12 5
cfi=(10)
cfn=(24)
calls=1 405 
* 21
* 1
+1 3
+23 1
-17 5
+3 3
-3 1
cfi=(10)
cfn=(24)
calls=1 405 
* 21
+3 3
-3 2
+3 9
cfi=(10)
cfn=(54)
calls=1 157 
* 58
+1 9
cfi=(10)
cfn=(54)
calls=1 157 
* 58
+1 10
cfi=(10)
cfn=(54)
calls=1 157 
* 58
+3 8
cfi=(10)
cfn=(54)
calls=1 157 
* 58
+2 8
cfi=(10)
cfn=(54)
calls=1 157 
* 58
+4 1
fe=(16)
706 1
fi=(19)
967 2
fe=(16)
706 2
fi=(19)
967 4
fe=(16)
706 1
cfi=(10)
cfn=(24)
calls=1 405 
* 19
+4 3
+14 1
-1 2
+1 3
+47 1
-1 1
+1 1
+46 4
cfi=(10)
cfn=(24)
calls=1 405 
* 19
+2 4
cfi=(10)
cfn=(24)
calls=1 405 
* 19
fi=(21) ./elf/../sysdeps/unix/sysv/linux/x86/cpu-features.c
27 6
fe=(16)
829 2
+45 8
fi=(19)
+19 11
fe=(16)
775 3
+27 2
-10 2
+1 2
+2 3
+1 2
+2 3
+1 2
fi=(19)
-75 3
cfn=(46)
calls=1 255 
* 437
+1 1
-1 2
+1 1
cfn=(46)
calls=1 255 
* 478
+1 1
-1 1
+1 1
cfn=(46)
calls=1 255 
* 503
+3 1
-3 2
+3 1
cfn=(46)
calls=1 255 
* 459
+2 1
-2 1
+2 1
cfn=(46)
calls=1 255 
* 451
+3 1
-2 1
-1 1
+3 1
cfn=(46)
calls=1 255 
* 428
+2 1
-2 1
+2 1
cfn=(46)
calls=1 255 
* 429
+3 1
-2 1
-1 1
+3 1
cfn=(46)
calls=1 255 
* 469
+2 1
-2 1
+2 1
cfn=(46)
calls=1 255 
* 470
+3 1
-3 1
+3 1
cfn=(46)
calls=1 255 
* 494
+2 1
-2 1
+2 1
cfn=(46)
calls=1 255 
* 495
+2 1
-2 1
+2 1
cfn=(46)
calls=1 255 
* 790
+2 3
-2 1
+2 1
cfn=(52)
calls=1 481 
* 215
863 15
fe=(16)
424 6
cfn=(36) get_common_indices.constprop.0
calls=1 -99 
* 71
303 3
+1 2
+1 6
+5 2
+1 6
+5 2
+1 6
429 1
cfn=(40)
calls=1 43 
* 194
+2 1
+2 1
+83 1
-85 2
564 2
+7 2
+2 1
+4 2
+6 2
422 2
-3 1
+14 3
+1 4
+69 1
+10 11
+42 1
+1 1
434 11
+55 3

fn=(36)
325 1
+4 4
+3 3
+5 2
-5 1
+5 1
-5 1
+4 1
+1 1
+1 4
+1 4
+1 3
+1 2
+7 2
+2 5
+5 1
-5 1
+5 1
-5 1
+5 1
-5 2
+5 1
+7 1
-7 4
+7 1
+1 3
+6 1
-6 4
+6 1
fi=(17) ./elf/../sysdeps/unix/sysv/linux/x86/dl-minsigstacksize.h
24 2
+3 2
+1 2
+37 3
+7 1
+2 1
fe=(16)
384 2

fl=(14)
fn=(28)
35 1
+1 3
+1 2
+6 1
+1 1

fl=(44)
fn=(132)
125 7
+1 35
+6 7
+1 7
+1 7
+1 7
+2 1
+1 1
+1 1
+65 4
+1 4
+2 4
+76 6
+1 6
+5 6
+3 6
+1 6
+3 2
+1 2
+13 2
+1 2
+2 2
+3 1
+3 2
+3 1
+1 1
+1 1
+1 1
+1 1
+1 1
+1 1
-6 27
+1 27
+1 27
+1 27
+1 27
+1 27
+1 27
+3 2
+1 2
+1 2
+1 2
+5 2

fl=(65)
fn=(208)
25 1
+2 7
+4 1

fl=(38)
fn=(108)
175 5
+1 1
-1 6
+1 1
-1 1
+1 1
-1 1
+1 1
-1 1
+1 2
cfi=(10)
cfn=(24)
calls=1 405 
* 21
* 1
+2 2
+1 3
+26 2
-26 1
+25 1
cfi=(39)
cfn=(110)
calls=1 29 
* 47
fi=(40) ./elf/./dl-hwcaps.h
54 1
fe=(38)
205 1
-1 1
fi=(40)
56 1
+32 1
+1 1
+1 1
fe=(38)
-35 2
cfi=(41)
cfn=(116)
calls=1 -4 
* 13
* 2
fi=(40)
-1 1
+2 2
-2 1
+34 2
+1 2
+1 1
fe=(38)
-32 2
-1 2
+1 2
+1 2
-1 2
-3 4
cfi=(41)
cfn=(116)
calls=2 -4 
* 114
* 2
cfi=(41)
cfn=(116)
calls=1 -4 
* 122
* 6
+48 5
fi=(28)
-47 1
cfi=(27)
cfn=(76)
calls=1 -21 
* 25
fe=(38)
+47 1
+2 2
+3 2
fi=(40)
-52 1
fe=(38)
+55 1
-3 1
fi=(40)
-54 2
+3 1
fe=(38)
+58 2
cfi=(41)
cfn=(122)
calls=1 -90 
* 12
* 2
fi=(40)
-61 1
+2 2
-2 1
+34 2
+1 2
+1 1
fe=(38)
+40 4
+1 2
-1 6
+2 2
+1 2
-2 6
-3 4
cfi=(41)
cfn=(116)
calls=2 -77 
* 114
* 2
cfi=(41)
cfn=(116)
calls=1 -77 
* 122
* 6
+8 2
+9 1
-15 1
+15 2
-15 1
+15 8
+9 2
+4 7
cfi=(43)
cfn=(124)
calls=1 22 
* 41
+1 2
+1 1
+4 1
+1 2
+1 1
-20 2
+19 1
+1 1
-20 2
-1 4
+70 1
+1 1
+4 1
-5 2
+1 4
+4 2
-4 1
+4 4
+1 1
-1 1
+1 2
+1 2
-2 5
+1 1
-1 1
+1 2
+1 2
-2 5
+5 1
+3 2
-3 2
+3 15
+7 1
-7 2
+2 3
+1 4
+2 1
fi=(207) ./elf/../sysdeps/x86/dl-hwcap.h
57 1
fe=(38)
233 2
fi=(207)
57 1
fe=(38)
233 2
fi=(207)
57 1
fe=(38)
233 1
+1 1
cfi=(22)
cfn=(60)
calls=1 41 
* 17
+1 1
+1 1
-6 1
+4 1
+1 1
-5 1
+5 1
+1 1
-1 2
-5 4
+10 3
-2 3
+2 1
+1 1
+1 1
-1 1
+4 4
+1 1
-1 1
+4 2
+4 1
-1 1
+1 4
-1 2
+4 3
+1 3
+19 10
+6 2
fi=(28)
56 1
cfi=(27)
cfn=(76)
calls=1 -21 
* 25
* 1
fe=(38)
283 2
+8 1
fi=(40)
54 1
+2 1
+34 1
-2 2
fe=(38)
-5 1
291 1
fi=(40)
54 1
+35 1
fe=(38)
291 1
fi=(40)
90 1
fe=(38)
-10 2
cfi=(41)
cfn=(116)
calls=1 -29 
* 13
* 2
fi=(40)
-26 2
+2 1
fe=(38)
+27 1
fi=(40)
-29 1
+34 2
+1 2
+1 1
fe=(38)
-8 2
+1 4
+7 2
-7 10
cfi=(29)
cfn=(128)
calls=2 199 
* 26
+4 2
+2 2
+2 2
-2 4
-9 4
cfi=(41)
cfn=(116)
calls=2 -29 
* 114
* 2
cfi=(41)
cfn=(116)
calls=1 -29 
* 122
* 6
304 1
+2 1
-2 1
-48 2
+72 1
-72 1
376 2
+13 2
-58 1
+45 1
+13 1
-58 1
-75 1
+82 1
+10 2
-92 1
+88 1
+4 3
-4 1
+3 7
-3 2
-3 1
+3 1
cfi=(29)
cfn=(128)
calls=1 199 
* 18
* 2
-3 1
+3 1
cfi=(29)
cfn=(128)
calls=1 199 
* 18
* 2
+3 2
-3 4
+3 5
+1 12
+1 2
-2 1
+2 1
cfi=(29)
cfn=(128)
calls=1 199 
* 15
* 2
-2 2
+5 8
cfi=(29)
cfn=(128)
calls=2 199 
* 30
* 4
+2 5
+5 6
+1 1
-1 3
+1 7
-1 25
+5 11
+4 1
-1 1
+1 2
-4 12
+4 2
-1 2
+1 13
-1 9
+1 18
+1 24
-1 12
-1 12
+2 24
-1 24
-1 24
+4 9
+3 1
+2 2
-1 1
-1 1
+2 1
-2 1
+2 2
-1 1
+1 2
+2 6
+1 2
+3 2
-6 2
+6 3
+7 8
+1 1
-1 2
+3 2
-3 3
+1 3
-1 6
+3 6
+3 4
-80 2
+86 9
-20 1
+1 2
-6 3
259 2
+1 2
+1 4
-1 3
+12 4
-44 2
+34 4
-2 3

fl=(29)
fn=(80)
212 17
+1 17
+6 17
+1 17
+2 10
+1 10
+1 10
+2 7
+1 7
+1 7
+2 7
360 7
+1 7
+2 1
+4 1
+1 1
+1 1
+1 1
+1 1
+4 1
+2 1
+39 6
+1 6
+1 6
+1 6
+1 6
+7 3
+1 3
+1 3
+1 3
+1 3
+1 3
+1 3
+11 3
+1 3
+2 3
+1 3
+1 3

fn=(128)
199 32
+1 32
+1 32
+1 32
+17 32
+1 32
+2 6
+1 6
+1 6
+2 5
+1 5
+1 5
+2 5
360 26
+1 26
+2 8
+4 8
+1 3
+1 3
+1 2
+1 2
+1 2
+1 2
+2 2
+2 3
+6 5
+1 5
+1 5
+1 5
+1 5
+29 18
+1 18
+1 18
+1 18
+1 18
+7 1
+1 1
+1 1
+1 1
+1 1
+1 1
+1 1
+11 1
+1 1
+2 1
+1 1
+1 1

fl=(42)
fn=(118)
23 15
+1 15
+1 15
+1 15
+1 15
+1 15
+1 15
+1 15
+1 15
+1 15
+1 15
+1 15
+1 15
+1 15
+1 15
+1 15
+1 15
+1 15
+1 13
+4 13
+1 13
+1 13
+1 13
+2 13
+4 2
+1 2
+1 2
+1 2
+1 2
+1 2
+1 2
+1 2
+1 2
+1 2
+1 2
+1 2
+1 2
+1 2
+1 2
+1 2
+1 2
+1 2
+1 2
+1 2
+1 2
+1 2
+1 2
+1 2
+52 2
+4 2
+1 2
+1 2
+1 2
+2 2

fl=(134)
fn=(434)
74 30
+2 3
-2 3
+4 3
-4 3
+2 3
+2 9
+37 3
-37 9
+1 6
+2 12
+3 25
-52 3
+54 6
-54 3
+54 3
-54 9
+1 9
+2 6
+1 6
+12 12
+3 3
+2 3
-2 3
+2 9
cfi=(32)
cfn=(90)
calls=3 +55 
* 207
* 6
+4 6
+1 3
-1 3
+1 18
+1 9
cfi=(32)
cfn=(90)
calls=3 +49 
* 75
* 6
+57 27
-23 6

fl=(52)
fn=(162)
225 10
+2 2
cob=(2)
cfi=(51)
cfn=(164)
calls=1 0 
* 2759
+1 2
+1 1
+1 1
-1 1
+1 1
+2 5

fn=(250)
238 6
+1 1
+1 1
+3 1
+1 1
+2 1
cfi=(2)
cfn=(252)
calls=1 696 
* 4136
+2 1
+1 1
+1 4

fn=(166)
175 9
+5 3
-5 9
+5 3
-2 6
+22 3
-1 3
+7 6
-6 3
+3 6
+3 3
cfi=(53)
cfn=(168)
calls=3 30 
* 72
* 12
+2 9
cfi=(66)
cfn=(214)
calls=2 61 
* 6606
cfi=(2)
cfn=(170)
calls=1 663 
* 2698
+2 3
-1 3
+1 3
-1 3
+1 6
+9 12

fl=(68)
fn=(468)
537 1
+1 4
-1 1
+3 2
cfi=(72)
cfn=(470)
calls=1 117 
* 6
+1 1
+4 1
+2 2

fn=(222)
416 10
+2 2
+3 3
+74 1
208 1
495 2
+3 3
fi=(70) ./elf/../sysdeps/x86/dl-procinfo.h
39 2
+3 3
cfi=(32)
cfn=(90)
calls=1 +66 
* 25
* 4
fe=(68)
212 6
cfi=(10)
cfn=(24)
calls=1 405 
* 21
* 1
+16 2
-16 1
+6 2
+10 1
-7 5
+9 3
+1 1
-37 2
+37 1
+4 2
-5 21
+1 7
-37 14
+37 7
+4 14
+4 24
cfn=(230) _dl_cache_libcmp
calls=8 370 
* 608
+1 16
359 7
+3 2
228 2
360 6
228 15
+2 5
+20 2
+3 2
+2 4
cfn=(230)
calls=1 370 
* 74
* 2
-7 2
-30 2
+1 1
+95 1
-95 1
-1 8
+96 3
-47 2
+10 2
+1 3
fi=(69) ./elf/../sysdeps/generic/dl-cache.h
125 5
fe=(68)
294 2
+9 2
+3 2
+2 3
+1 2
+5 2
+1 4
+7 2
+21 4
513 2
+12 2
cfi=(22)
cfn=(60)
calls=1 41 
* 33
* 12
+1 1
-1 1
+1 1
-1 1
+1 1
cfi=(29)
cfn=(80)
calls=1 212 
* 11
* 1
+1 1
cfi=(45)
cfn=(140)
calls=1 40 
* 89
+1 8
-3 2
424 4
cfi=(54)
cfn=(224) _dl_sysdep_read_whole_file
calls=1 36 
* 91
* 1
+8 5
+1 8
+3 4
+1 1
-1 3
fi=(69)
194 1
+1 5
fe=(68)
444 1
+1 2

fn=(230)
370 9
+1 9
+32 9
-33 18
+1 20
+2 45
+2 45
-2 90
+20 88
+2 88
-12 36
+2 36
+14 36
+1 36
-29 72
+32 3
-28 2
+8 1
-2 2
+1 2
-1 1
+2 3
+2 1
-3 1
+3 3
+2 2
+9 24

fl=(77)
fn=(270)
252 8
42 1
+9 1
-10 1
+4 1
-4 1
+3 1
+4 2
+1 2
-1 2
+14 2
254 8

fl=(75)
fn=(256) _dl_check_map_versions
155 32
+15 4
-15 8
+15 8
+2 20
+2 4
+1 4
-1 4
+1 4
+2 8
+3 4
-16 2
-8 2
+28 2
-4 2
+4 4
+16 2
36 4
200 2
36 10
+1 5
-1 10
+2 21
cfi=(54)
cfn=(174)
calls=7 +30 
* 805
* 14
208 6
+5 2
-71 4
+71 6
+8 2
-2 2
-2 4
+4 2
-4 12
+4 7
-2 7
-2 14
+4 7
-4 72
56 36
+8 27
+6 27
+16 9
+1 18
+2 9
+5 81
+14 186
+12 252
+4 84
-30 168
224 36
+3 27
+5 7
-11 7
110 9
+3 36
cfi=(32)
cfn=(90)
calls=9 -5 
* 309
* 38
236 8
+14 4
+3 8
+10 42
-7 168
+3 126
-3 8
+3 6
+8 6
+6 3
fi=(28)
44 3
fe=(75)
273 3
fi=(28)
44 3
cfi=(27)
cfn=(72)
calls=3 +34 
* 108
fe=(75)
272 3
fi=(28)
44 3
fe=(75)
274 6
+13 3
-3 3
+3 12
+2 9
+3 8
+4 6
+7 9
+1 9
-1 27
+1 9
+1 9
-2 9
+2 18
+1 27
+3 27
+5 7
-15 7
+2 7
-2 7
+2 7
-2 7
+2 14
-2 2
+2 2
-2 2
+2 2
-2 2
+2 4
+16 6
+39 36
-29 9
+3 8
+4 42
+6 42
+1 42
+1 42
-1 126
+1 42
-1 42
+1 42
+1 42
+3 126
+4 42
-14 88
+10 6
164 2
+86 2
-94 2
+94 3

fn=(254)
361 6
+4 5
-2 2
+4 24
cfn=(256)
calls=4 155 
* 4053
-2 4
+2 12
-1 4
-1 8
+5 7

fl=(67)
fn=(220)
28 20
+1 40
cfi=(59)
cfn=(192)
calls=10 153 
* 98

fl=(79)
fn=(282) do_lookup_x
363 832
+1 104
-1 520
+48 104
-30 208
-11 104
+41 104
-30 312
+30 104
fi=(80) ./elf/../sysdeps/generic/dl-protected.h
44 312
fe=(79)
381 104
fi=(80)
44 416
fe=(79)
395 978
+4 326
+4 326
-3 326
+3 1304
+1 978
+3 326
+1 652
+7 326
-3 652
-2 326
+5 1304
+3 2282
570 690
374 654
+3 654
+4 660
+4 652
+4 652
+88 194
fi=(4)
137 194
+1 291
fe=(79)
528 194
fi=(80)
29 194
fe=(79)
535 748
+16 194
+1 97
+1 194
422 412
-1 206
+2 206
+2 1236
+13 438
-10 1215
+3 100
-1 200
+1 100
-1 100
+2 200
-1 1200
cfn=(284) check_match
calls=100 70 
* 9734
+4 300
+3 6
573 7
+1 832
-35 21
-70 12
171 42
452 776

fn=(280)
840 1040
+10 104
-10 208
+10 104
-10 104
+10 104
204 104
840 104
204 520
581 416
-1 208
+2 104
-1 104
+1 312
-1 312
+1 1303
-1 1303
+1 3909
-1 3909
+2 104
846 104
-4 104
+1 104
+7 104
-8 104
+1 104
+7 389
+3 104
+2 208
-2 104
+6 208
-7 624
+7 35
+1 1456
cfn=(282)
calls=104 363 
* 36935
* 312
+28 104
-23 104
+23 104
-23 208
+24 566
+7 97
-7 97
+40 388
+79 194
-65 291
+3 291
-62 104
+69 936
-86 42
+18 21
+59 2

fn=(284)
70 100
+3 100
-3 1200
+3 396
+13 98
-13 98
+13 98
-13 98
+13 294
+3 340
cfi=(32)
cfn=(90)
calls=36 +19 
* 1670
* 72
+4 98
+1 196
+2 192
+19 192
+1 768
+2 2
-40 97
+84 582
-18 4
+2 4
+1 2
-1 4
+1 6
-1 4
+9 1
+7 18
-45 285
cfi=(32)
cfn=(90)
calls=95 -9 
* 2513
* 190
-44 8
+82 4

fl=(54)
fn=(174)
68 84
+1 28
cfi=(32)
cfn=(90)
calls=14 +39 
* 500
* 28
+3 14
+2 28
+6 15
-6 30
+1 54
cfi=(32)
cfn=(90)
calls=18 +33 
* 733
* 36
+8 3
-13 3
+13 20
-1 11
+1 33

fn=(224)
36 2
+3 1
-3 6
+3 1
-3 1
+3 1
cfi=(55)
cfn=(178)
calls=1 -11 
* 19
+1 2
+23 7
-21 4
cfi=(58)
cfn=(190)
calls=1 -13 
* 15
* 2
+2 2
+3 2
+13 2
cfi=(64)
cfn=(204)
calls=1 -35 
* 6
* 1
-11 6
cfi=(60)
cfn=(194)
calls=1 -2 
* 9
* 2

ob=(4)
fl=(145)
fn=(490)
0 5

fn=(770)
0 11
cob=(2)
cfi=(51)
cfn=(776)
calls=1 0 
0 74
0 10
cfn=(782) 0x0000000000001070
calls=1 0 
0 5
0 5

fn=(782)
0 5

fn=(482)
0 12

ob=(3)
fl=(115)
fn=(370)
31 1
fi=(84) ./string/../sysdeps/x86_64/multiarch/ifunc-avx2.h
+2 5
-1 2
+2 3
+2 2
+4 3
+3 4
fe=(115)
-12 1

fl=(86)
fn=(300)
65 2
-24 4
+1 2
-1 4
+1 4
+2 4
+5 6
+3 6
+13 2

fl=(108)
fn=(352)
29 1
fi=(101) ./string/../sysdeps/x86_64/multiarch/ifunc-strcpy.h
+7 2
+1 1
-1 2
+1 2
+2 2
+4 3
+3 3
fe=(108)
-17 1

fl=(138) ./resource/../sysdeps/unix/sysv/linux/getrlimit64.c
fn=(444) getrlimit
38 2
+1 7
+1 1

fl=(154) ./setjmp/../sysdeps/x86_64/bsd-_setjmp.S
fn=(534) _setjmp
28 1
+2 1
+2 1
cfi=(155) ./setjmp/../sysdeps/x86_64/setjmp.S
cfn=(536) __sigsetjmp
calls=1 -2 
* 31

fl=(196)
fn=(740)
367 1
51 3
+1 2
367 1
57 2
+8 1
-3 1
-23 1
+1 2
+30 1
369 2
40 3
+1 2
+33 2
+6 4
+4 3
+3 3

fl=(109)
fn=(356)
31 1
fi=(208) ./string/../sysdeps/x86_64/multiarch/ifunc-strcasecmp.h
+1 5
fe=(109)
-1 1

fl=(151)
fn=(510)
242 12
343 3
+1 3
cfi=(152) ./stdlib/./stdlib/cxa_atexit.c
cfn=(512) __cxa_atexit
calls=1 69 
* 71
+25 6
+6 2
-3 2
+10 2
cob=(2)
cfi=(51)
cfn=(526)
calls=1 0 
* 836
+2 2
+8 4
cfi=(153) ./csu/../sysdeps/nptl/libc_start_call_main.h
cfn=(532) (below main)
calls=1 29 
* 10128407
128 2
+6 3
+1 6
cob=(2)
cfi=(51)
cfn=(516)
calls=1 0 
* 7
* 1
+3 1
+1 2
+3 2
+1 2
-1 1
+2 7
+1 4
cob=(5)
cfi=(150)
cfn=(520)
calls=1 0 
* 12
-1 4

fl=(158)
fn=(544)
25 13
+4 1
+1 2
-1 2
+1 1
-1 1
+1 1
-1 1
+1 1
-1 1
+1 1
cfi=(159) ./stdio-common/./stdio-common/vfscanf-internal.c
cfn=(546) __vfscanf_internal
calls=1 278 
* 3366
+4 5

fl=(105)
fn=(346)
31 1
fi=(208)
+1 5
fe=(105)
-1 1

fl=(163) ./libio/./libio/filedoalloc.c
fn=(558) _IO_file_doallocate
78 18
+6 8
fi=(185) ./libio/./libio/libioP.h
940 6
+2 4
+1 4
fe=(163)
84 6
cfi=(162) ./libio/./libio/fileops.c
cfn=(560) _IO_file_stat
calls=2 1146 
* 36
* 4
+2 8
+11 8
+4 4
cob=(2)
cfi=(51)
cfn=(566)
calls=2 0 
* 1991
* 2
+1 4
+2 8
cfi=(161) ./libio/./libio/genops.c
cfn=(592) _IO_setb
calls=2 329 
* 48
+1 2
+1 16

fl=(170) ./misc/./misc/sbrk.c
fn=(588) sbrk
37 4
+6 2
-6 2
+3 2
-3 4
+3 2
+3 2
+20 1
+15 10
-20 4
+1 2
cfi=(171) ./misc/../sysdeps/unix/sysv/linux/brk.c
cfn=(590) brk
calls=1 -24 
* 9
* 2
+4 1
-1 4
+4 4
+8 1
cfi=(171)
cfn=(590)
calls=1 -39 
* 9
* 2

fl=(186)
fn=(666)
83 3299
+23 3299
+1 3299
+2 3299
+1 3299
+1 3299
+1 3299
+1 3299
+2 2723
+1 2723
+1 2723
+1 2723
+1 2723
+1 2723
+1 2723
+1 2723
+18 2723
+1 2723
+1 2723
+3 5446
656 558
+2 558
+1 558
+1 558
+1 558
+9 558
+1 558
+3 558
+1 558
+3 76
+4 152
+36 499
+1 499
+4 499
+11 499
+1 499
+1 499
+2 998
+10 576
+1 576
+2 329
+1 329
+1 329
+1 329
+1 329
+1 329
+1 329
+15 247
+1 247
+1 247
+1 247
+1 247
+1 247
+1 247
+1 247
+1 247
+2 77
+2 77
+13 77
+1 77
+23 77
+1 77
+31 77
+1 77
+2 77
+1 77
+1 1
+1 2

fl=(162)
fn=(656) _IO_file_overflow@@GLIBC_2.2.5
731 10
+1 8
+7 8
+37 1
-2 4
-32 2
+12 2
+9 3
+5 3
+2 2
-3 2
+3 1
+1 1
-6 1
+1 1
+5 4
+16 2
-12 2
+1 2
+11 4
-12 2
cfn=(658) _IO_do_write@@GLIBC_2.2.5
calls=2 423 
* 115
-31 2
cfi=(161)
cfn=(556) _IO_doallocbuf
calls=1 343 
* 306
+1 1
+9 1
-9 5

fn=(798) _IO_file_write@@GLIBC_2.2.5
1173 7
+2 6
+5 1
cfi=(200) ./io/../sysdeps/unix/sysv/linux/write.c
cfn=(800) write
calls=1 25 
* 9
+1 2
+5 1
+1 1
-12 2
+4 3
+1 2
+10 3
+3 6
-4 3

fn=(654) _IO_file_xsputn@@GLIBC_2.2.5
1197 2015
+7 403
-7 1209
+6 1574
+9 768
-2 1536
+17 1152
+1 383
+3 1149
+2 383
+2 383
+2 766
-2 383
+1 383
+1 383
-2 383
cob=(2)
cfi=(51)
cfn=(674)
calls=383 0 
* 6796
* 383
+4 766
+28 3627
-36 1
+12 1
fi=(185)
940 3
+2 2
+1 2
fe=(162)
1243 3
cfn=(656)
calls=1 731 
* 362
* 2
+6 2
+1 7
+2 2
+11 3
+1 4
cfi=(161)
cfn=(660) _IO_default_xsputn
calls=1 371 
* 63
+2 3

fn=(560)
1146 2
+1 4
cfi=(164) ./io/../sysdeps/unix/sysv/linux/fstat64.c
cfn=(562) fstat
calls=2 29 
* 30

fn=(808) _IO_file_sync@@GLIBC_2.2.5
792 10
+5 8
+2 2
+1 4
+11 4
+4 8

fn=(596) _IO_file_read
1130 5
+1 5
+2 5
-1 5
+1 10
cfi=(172) ./io/../sysdeps/unix/sysv/linux/read.c
cfn=(598) read
calls=5 25 
* 40

fn=(554) _IO_file_underflow@@GLIBC_2.2.5
461 5
+4 15
-4 40
+7 10
+6 15
+3 10
+12 8
+9 10
fi=(185)
940 5
+2 5
-2 5
fe=(162)
505 10
cfi=(161)
cfn=(594) _IO_switch_to_get_mode
calls=5 164 
* 125
+6 5
+5 5
-5 5
fi=(185)
942 10
fe=(162)
511 5
fi=(185)
942 5
fe=(162)
511 15
fi=(185)
943 10
fe=(162)
516 20
cfn=(596)
calls=5 1130 
* 70
+2 10
+16 4
-9 4
+9 8
+2 8
+1 32
-6 1
-10 5
+11 1
-11 2
+16 8
-57 3
+5 2
cfi=(161)
cfn=(556)
calls=1 343 
* 1923
+4 4

fn=(658)
423 2
+2 6
+1 1
-3 1
fi=(185)
940 1
fe=(162)
423 2
fi=(185)
940 1
fe=(162)
423 1
fi=(185)
940 2
fe=(162)
423 5
+20 1
-10 2
+7 4
fi=(185)
942 2
+1 2
fe=(162)
448 4
cfn=(798)
calls=1 1173 
* 46
* 1
+1 5
+2 1
+4 2
-3 2
-1 2
+4 3
-2 1
-28 4
+1 8
+28 3

fn=(804) _IO_file_setbuf@@GLIBC_2.2.5
381 6
+1 2
cfi=(161)
cfn=(806) _IO_default_setbuf
calls=2 +70 
* 138
* 4
+3 2
+4 4
-2 6
+3 4

fl=(197)
fn=(750)
30 4
+3 4
-3 14
+3 8
+3 6
+4 12
-4 6
+58 8
+4 12
-4 6
+11 4
+1 4
cfi=(198) ./posix/./posix/register-atfork.c
cfn=(752) __unregister_atfork
calls=2 -30 
* 32
+1 8
+1 16

fl=(149)
fn=(504)
83 1
+1 4
+1 3
+1 3
+2 1

fl=(181)
fn=(676)
294 383
+1 383
+1 383
+1 383
+17 383
+1 383
+42 383
+1 383
+2 358
+1 358
+2 99
+4 99
+1 95
+1 95
+1 95
+1 95
+1 21
+1 21
+2 21
+2 21
-2 74
+2 74
+6 4
+1 4
+1 4
+1 4
+1 4
+7 25
+1 25
+1 25
+1 25
+2 25
+17 259
+1 259
+1 259
+1 259
+1 259

fn=(632)
307 477
+1 477
+6 477
+1 477
+42 477
+1 477
+2 242
+1 242
+33 235
+1 235
+1 235
+1 235
+2 235
+17 242
+1 242
+1 242
+1 242
+1 242

fl=(87)
fn=(302)
29 1
fi=(88) ./wcsmbs/../sysdeps/x86_64/multiarch/ifunc-wcslen.h
+5 4
-1 2
+2 3
+2 2
+4 3
+3 3
fe=(87)
-15 1

fl=(99)
fn=(332)
30 1
fi=(95) ./wcsmbs/../sysdeps/x86_64/multiarch/ifunc-avx2.h
+3 5
-1 2
+2 3
+2 2
+4 3
+3 4
fe=(99)
-13 1

fl=(200)
fn=(800)
25 1
+1 7
+1 1

fl=(155)
fn=(536)
30 1
+2 1
+9 1
+1 2
+1 1
+4 1
+1 1
+1 1
+1 1
+1 1
+2 2
+2 1
+1 1
+1 1
+2 2
+2 1
+5 1
+1 1
+17 1
cfi=(156) ./setjmp/./setjmp/sigjmp.c
cfn=(538) __sigjmp_save
calls=1 -56 
* 9

fl=(188)
fn=(718)
25 209
+7 19
-4 38
+4 38
-4 19
+5 19
-1 19
+1 19
-5 19
+4 19
+1 19
-1 19
+1 19
cfi=(189) ./stdio-common/./stdio-common/vfprintf-internal.c
cfn=(720) __vfprintf_internal
calls=19 1180 
* 23859
+4 95

fl=(168) ./stdlib/../sysdeps/unix/sysv/linux/getrandom.c
fn=(574) getrandom
28 1
+1 7
+1 1

fl=(128)
fn=(408)
31 1
fi=(124) ./string/../sysdeps/x86_64/multiarch/ifunc-evex.h
+4 5
-1 2
+2 3
+5 2
-3 2
+9 3
+3 4
fe=(128)
-19 1

fl=(179)
fn=(626)
50 610
+13 610
+1 610
+1 610
+3 610
+2 610
+1 610
+3 610
+1 610
+8 610
+1 610
+1 610
+5 1220

fl=(118)
fn=(380)
29 2
fi=(84)
+4 10
-1 4
+2 6
+2 4
+4 6
+3 8
fe=(118)
-14 2

fl=(100)
fn=(336)
31 1
fi=(101)
+5 2
+1 1
-1 2
+1 2
+2 2
+4 3
+3 3
fe=(100)
-15 1

fl=(160) ./nptl/./nptl/libc-cleanup.c
fn=(548) __libc_cleanup_push_defer
24 22
+3 44
+3 88
+1 22
+2 22
+1 22

fn=(606) __libc_cleanup_pop_restore
39 22
+3 44
+2 44
+1 44
+2 22

fl=(127)
fn=(406)
31 1
fi=(208)
+1 5
fe=(127)
-1 1

fl=(171)
fn=(590)
35 2
+1 8
+1 4
+6 2
+1 2

fl=(102)
fn=(340)
31 2
fi=(103) ./wcsmbs/../sysdeps/x86_64/multiarch/ifunc-evex.h
+4 10
-1 4
+2 6
+5 4
-3 4
+9 6
+3 8
fe=(102)
-19 2

fl=(137) ./ctype/./ctype/ctype-info.c
fn=(442) __ctype_init
29 1
+2 7
+2 4
+2 4
+1 1

fl=(91)
fn=(310)
29 1
fi=(88)
+5 4
-1 2
+2 3
+2 2
+4 3
+3 3
fe=(91)
-15 1

fl=(106)
fn=(348)
29 1
fi=(209) ./string/../sysdeps/x86_64/multiarch/ifunc-sse4_2.h
+1 5
fe=(106)
-1 1

fl=(125)
fn=(400)
29 1
fi=(209)
+1 5
fe=(125)
-1 1

fl=(119)
fn=(384)
29 1
fi=(101)
+7 2
+1 1
-1 2
+1 2
+2 2
+4 3
+3 3
fe=(119)
-17 1

fl=(152)
fn=(512)
69 9
-28 2
+2 6
+1 2
cfn=(514) __new_exitfn
calls=1 +38 
* 32
+2 2
+10 1
+2 1
-5 3
+3 1
-1 1
+4 2
+1 1
-1 2
+12 6

fn=(514)
82 1
+6 2
-6 4
+11 4
-10 2
+12 4
-2 1
+10 1
-10 3
+45 1
+5 1
-4 1
+4 4
-18 1
-1 1
+1 1

fl=(195)
fn=(738)
77 1
+3 3
+2 1
+2 2
-7 2
+11 2
+79 1
+3 1
+2 1
+3 1
+2 1
+1 3
-81 2
+11 4
+4 1
+3 2
-71 1
+1 8
+1 1
+84 3
+1 2

fl=(161)
fn=(660)
371 1
+3 2
-3 8
fi=(185)
940 1
fe=(161)
371 1
fi=(185)
940 1
fe=(161)
371 1
fi=(185)
940 1
fe=(161)
371 2
+18 2
+8 1
+2 2
-20 4
+2 3
+3 2
+20 1
-29 1
+29 7
-11 10
+1 8
-1 4

fn=(552) _IO_default_uflow
361 10
fi=(185)
940 10
fe=(161)
361 5
fi=(185)
940 5
fe=(161)
361 10
+1 5
fi=(185)
942 10
+1 10
fe=(161)
362 10
cfi=(162)
cfn=(554)
calls=5 +99 
* 2428
+1 10
+2 16
+1 20

fn=(792) _IO_flush_all_lockp
686 12
+5 6
cfi=(160)
cfn=(548)
calls=1 24 
* 10
+1 9
+3 1
-8 1
+5 2
+3 2
fi=(185)
940 4
fe=(161)
706 1
fi=(185)
942 2
+1 2
fe=(161)
706 3
cfi=(162)
cfn=(656)
calls=1 +25 
* 133
+1 3
+2 6
+2 3
-16 9
+2 3
+1 6
+3 20
+14 9
+1 2
cfi=(160)
cfn=(606)
calls=1 39 
* 8
+4 12

fn=(600) _IO_sputbackc
635 25
+3 15
+1 10
+9 5
+3 20
-10 10
+1 5
+5 5

fn=(550) __uflow
299 25
+1 15
+5 15
+3 5
173 5
308 10
+2 10
+6 10
+7 5
fi=(185)
940 15
+2 10
+1 10
fe=(161)
323 5
+1 5
-1 5
+1 10
-1 5
cfn=(552)
calls=5 +38 
* 2549
-23 10
+21 15

fn=(806)
452 4
fi=(185)
940 2
fe=(161)
452 4
fi=(185)
940 2
fe=(161)
452 2
fi=(185)
940 2
fe=(161)
452 8
+1 2
fi=(185)
942 4
+1 4
fe=(161)
453 4
cfi=(162)
cfn=(808)
calls=2 792 
* 36
* 4
+4 2
330 2
462 2
-7 4
332 4
+5 2
-5 2
+5 2
467 2
332 2
466 8
+2 12
-11 2
+1 4
-1 2
330 8

fn=(790) _IO_cleanup
863 2
+3 1
-3 9
-77 1
+80 1
cfn=(792)
calls=1 686 
* 269
-80 2
+80 1
-80 3
cfi=(160)
cfn=(548)
calls=1 24 
* 10
+1 9
+3 1
-3 2
+3 2
fi=(185)
940 4
fe=(161)
838 3
-48 9
+9 9
+2 6
+6 26
+8 10
+9 2
fi=(185)
942 4
+1 4
fe=(161)
824 8
cfi=(162)
cfn=(804)
calls=2 381 
* 166
+2 6
+4 10
+1 16
+11 9
+1 2
cfi=(160)
cfn=(606)
calls=1 39 
* 8
+35 12
-59 2
-2 2
+3 2
-3 2
+2 6

fn=(556)
343 2
+1 4
-1 6
+3 8
+1 2
fi=(185)
940 6
+2 4
+1 4
fe=(161)
347 4
cfi=(163)
cfn=(558)
calls=2 78 
* 2177
* 4
+3 8

fn=(592)
329 18
+1 8
+5 4
-3 2
+3 8
+3 8

fn=(594)
164 25
+1 15
+3 15
+4 10
+1 10
+7 5
-4 5
+4 5
-2 10
+3 5
+1 20

fl=(85)
fn=(298)
29 1
fi=(209)
+1 5
fe=(85)
-1 1

fl=(107)
fn=(350)
43 1
-6 5
+6 1

fl=(120)
fn=(388)
29 1
fi=(121) ./wcsmbs/../sysdeps/x86_64/multiarch/ifunc-memcmp.h
+5 2
+1 1
-1 2
+1 2
+1 2
+1 3
+2 2
+4 3
+3 3
fe=(120)
-17 1

fl=(147) ./misc/./misc/init-misc.c
fn=(498) __init_misc
30 1
+1 2
-1 4
+1 3
+2 3
cob=(2)
cfi=(51)
cfn=(500)
calls=1 -33 
* 48
+4 5
+1 3
+2 4

fl=(166)
fn=(578) tcache_init.part.0
3235 3
+9 8
+1 3
cfn=(580) _int_malloc
calls=1 1343 
* 367
* 1
+1 2
+8 4
+7 2
+2 1
+1 2
-1 1
+1 86
+3 4

fn=(582) sysmalloc
2548 9
+20 4
+11 2
+1 3
+26 1
+1 3
+1 1
+9 4
+6 3
+3 3
2941 2
+1 1
+5 2
+3 2
+5 2
-2 1
+2 1
-1 1
+1 1
-3 1
+3 1
+1 1
-1 3
+1 1
+2 2
+6 11
2687 2
+9 4
+13 3
+8 5
+8 2
+39 2
+2 3
+6 2
+3 2
2896 1
-1 1
+1 3
+1 1
+11 2
fi=(167) ./malloc/./malloc/arena.c
565 1
fe=(166)
2727 1
cfi=(169) ./malloc/./malloc/morecore.c
cfn=(586) __glibc_morecore
calls=1 25 
* 57
+1 2
-1 1
+1 1
2028 1
2729 1
2028 1
2729 1
2028 2
2730 1
+3 2
+33 2
2610 2
2775 2
+40 3
+22 1
+1 1
-1 1
+1 6
+2 2
+1 3
cfi=(169)
cfn=(586)
calls=1 25 
* 28
+12 2
-12 1
+12 1
2028 4
2897 4
2765 2
-52 3

fn=(694) _int_free
4421 18264
+10 2283
-10 6849
+10 4566
+6 11415
+1 4566
+4 9132
+8 11415
-1 4566
+1 4566
+29 2283
-20 2283
-6 2283
+6 4566
+20 9132
+14 1414
+11 2828
+2 2121
2012 2121
4527 707
+1 707
+4 2121
+2 2121
+4 1414
+2 2828
+1 707
+19 2690
4702 25113
3181 1576
+4 1576
-4 1576
+2 6304
+1 1576
+1 1576
4482 1576

fn=(568)
3287 14868
+7 4956
1343 4954
+19 9912
3306 9912
+3 4954
+10 2181
+28 3635
1362 2429
3304 7287
-63 4
cfn=(578)
calls=1 -6 
* 484
+68 2
+2 7428
3193 3502
+1 3502
+2 1751
+1 1751
-1 5253
+1 1751
+1 1751
3347 8755
-26 2908
cfn=(580)
calls=727 1343 
* 102517
+1 3635
fi=(167)
162 1454
315 1
cfn=(572) ptmalloc_init.part.0
calls=1 -2 
* 1128
fe=(166)
1343 2

fn=(690)
3352 2283
+4 4566
-4 2283
+14 2283
-14 4566
+12 2283
+4 2283
-4 2283
+4 4566
+17 6849
fi=(167)
162 6849
fe=(166)
3391 4566
cfn=(694)
calls=2283 4421 
* 160821
+3 2283
+1 9132

fn=(580)
1343 1456
3771 728
1362 728
3771 5824
1362 1456
3811 24
+27 24
+66 654
+2 654
-2 654
+2 1308
1362 1432
3811 1432
4397 1432
3838 1432
+63 6
+62 70
+1 6
+1 12
3838 24
1362 12
3843 24
+2 24
+2 144
-6 72
+9 72
+1 72
-1 144
+1 360
+5 144
+1 144
+7 72
-1 144
+1 360
+5 72
+1 72
3183 72
3870 72
+5 980
3181 392
+2 196
+2 196
-2 392
+2 196
-8 196
+8 196
3869 196
+1 1172
+2 392
+2 196
+1 196
-1 392
-21 2139
-10 713
+2 3385
4399 1308
3903 654
4399 8502
3983 654
+1 654
-1 1308
-1 1308
+2 1308
-1 2
+1 2
-1 4
-1 4
+2 4
-2 1965
+12 655
-6 655
+73 2620
-67 1966
-6 1
+73 4
-67 3
2005 216
4413 6552
4183 1312
+2 6
+3 2
-3 2
+3 4
+68 1312
+1 656
+1 656
-1 656
+1 656
+1 1312
+1 1968
+5 1312
+4 1968
+3 2616
-3 1962
+3 2616
-3 1308
+3 1959
+97 656
+1 1312
+2 1312
+3 1970
+17 3
3904 3
4380 655
-2 1310
+2 655
-1 655
+6 655
-5 655
-3 655
+3 655
+2 655
-2 2620
2005 655
4382 655
2005 1310
4407 4
cfn=(582)
calls=1 2548 
* 239
* 1
+1 2
2005 3

fl=(81)
fn=(290)
86 1
fi=(82) ./string/../sysdeps/x86/cacheinfo.h
-25 1
+3 3
+2 1
+1 1
-1 2
+7 3
+2 1
+1 1
-1 2
+5 2
+2 2
+1 2
+1 2
+2 2
fe=(81)
* 2

fl=(191) ./stdio-common/./stdio-common/_itoa.c
fn=(726) _itoa_word
163 76
+3 152
+2 76
+9 944
+9 76

fl=(146)
fn=(496)
46 4
+5 2
+4 5
+8 1
-2 1
+10 1
-9 1
+1 1
+9 2
-1 1
cfi=(147)
cfn=(498)
calls=1 -41 
* 73

fl=(94)
fn=(318)
31 2
fi=(95)
+2 10
-1 4
+2 6
+2 4
+4 6
+3 8
fe=(94)
-12 2

fl=(136)
fn=(440)
33 7
+2 1
cfi=(137)
cfn=(442)
calls=1 -6 
* 17
+3 1
fi=(139) ./elf/../sysdeps/nptl/pthread_early_init.h
-5 2
fe=(136)
+8 1
-3 1
fi=(139)
-5 1
cfi=(138)
cfn=(444)
calls=1 +5 
* 10
* 3
+1 6
+11 1
fi=(210) ./elf/../nptl/nptl-stack.h
+13 3
fi=(139)
-13 1
fi=(210)
+13 2
fi=(139)
-4 1
fi=(210)
+4 2
fi=(139)
-6 1
fi=(210)
+6 1
fi=(139)
-12 1
+6 6
+1 1
+4 1
cfi=(140) ./nptl/./nptl/pthread_mutex_conf.c
cfn=(448) __pthread_tunables_init
calls=1 -7 
* 884
fe=(136)
-10 3
+2 2
-2 1
cfi=(143) ./nptl/../sysdeps/unix/sysv/linux/x86/elision-conf.c
cfn=(462) __lll_elision_init
calls=1 +49 
* 147

fl=(159)
fn=(546)
278 13
+10 5
+1 1
fi=(175) ./stdio-common/../include/scratch_buffer.h
78 1
fe=(159)
289 1
fi=(175)
77 2
fe=(159)
339 1
fi=(175)
77 1
fe=(159)
339 4
+6 4
+3 4
+4 2
+13 1
-6 1
+8 2
-8 1
+8 1
+5 1
-5 1
+5 6
cfi=(160)
cfn=(548)
calls=1 24 
* 10
* 3
+9 1
-4 1
+4 3
570 1
284 1
-1 1
+10 1
-11 1
570 2
2429 4
328 2
+4 1
-5 1
-1 1
-1 1
-12 1
2180 1
2429 1
2180 5
418 8
+24 8
+1 8
+3 10
-65 16
3015 8
+3 21
+1 15
-1 6
222 4
+1 4
-1 2
488 2
222 2
488 4
222 2
488 4
372 11
482 2
+22 8
+25 2
-4 8
+7 20
+80 4
+5 2
-1 4
+1 4
+1 3
+3 6
+1 16
+6 15
+3 4
-3 2
+3 10
-3 1
+3 4
-3 6
+4 14
+1 10
+4 4
-4 4
cfi=(161)
cfn=(600)
calls=2 +2 
* 38
+4 16
-9 2
cfi=(161)
cfn=(550)
calls=1 299 
* 2092
* 2
3025 13
cfi=(160)
cfn=(606)
calls=1 39 
* 8
fi=(175)
85 3
fe=(159)
3029 2
+17 2
+6 12
442 2
+6 4
618 3
1398 20
+5 6
+9 12
1733 4
+9 2
fi=(175)
113 8
fe=(159)
1742 4
fi=(175)
113 6
fe=(159)
1740 42
260 12
1797 6
260 12
+3 18
1799 24
+2 54
-68 12
+2 16
+2 10
+67 4
206 2
1811 4
214 4
1812 4
+28 12
cfi=(161)
cfn=(600)
calls=2 635 
* 38
260 6
+3 6
1844 4
1669 2
206 2
1862 4
1669 4
1861 6
+1 2
cfi=(173)
cfn=(602) __strtol_internal
calls=2 97 
* 288
* 2
+6 6
+3 10
+6 2
-4 4
+4 4
+23 4
1390 2
-1 2
+2 2
1742 10
1435 8
+3 8
3020 5
cfi=(161)
cfn=(600)
calls=1 635 
* 19
* 1
1879 4
+17 20
-15 4
+1 6

fl=(169)
fn=(586)
25 2
+1 4
-1 2
+4 2
cfi=(170)
cfn=(588)
calls=2 +8 
* 67
+1 4
+4 4

fl=(176)
fn=(612)
181 4
+1 12
+5 4
+1 4
+1 4
+1 4
+69 4
+1 4
+88 4
+1 4
+1 4
+1 960004
+1 4
+1 8

fl=(187)
fn=(702)
53 10
+6 10
+2 10
+5 10
+2 10
+1 10
+1 10
+2 5
+1 5
+2 5
+1 5
+1 5
+14 5
+1 5
+2 3
+1 3
+7 3
+1 3
304 5
+1 5
+1 5
+1 5
+10 5
+1 5
+31 2
+2 2
+2 2
+1 2
-3 5
+2 5
+1 5
-1 3
+1 3
+1 10
+1 10
+1 5
+1 5
+1 1
+1 1
+29 3
+1 3
+1 3
+1 3
+1 3
592 1
+1 1
+1 1
+1 1
+10 2
+4 4
+1 4
+1 4
+1 4
+10 8
+4 5
+1 5
+1 5
+1 5
+10 10

fl=(89)
fn=(306)
29 2
fi=(90) ./string/../sysdeps/x86_64/multiarch/ifunc-memset.h
+21 10
+3 6
+7 4
+9 4
+2 4
+10 4
+8 4
+2 10
fe=(89)

fl=(97)
fn=(324)
28 1
fi=(84)
+5 5
-1 2
+2 3
+2 2
+4 3
+3 4
fe=(97)
-15 1

fl=(156)
fn=(538)
28 3
+2 2
-1 1
+5 3

fl=(165) ./io/../sysdeps/unix/sysv/linux/fstatat64.c
fn=(564) fstatat
153 4
-55 4
+70 6
+1 2

fl=(164)
fn=(562)
29 4
+1 4
+5 6
cfi=(165)
cfn=(564)
calls=2 153 
* 16

fl=(192) ./stdlib/./stdlib/exit.c
fn=(732) __run_exit_handlers
40 11
+5 2
+3 5
+50 1
-42 1
+2 3
+8 6
+2 1
+3 1
-3 1
+3 6
+34 1
+1 1
+1 1
-2 1
+7 1
-3 2
+3 3
+1 3
cob=(1)
cfi=(194)
cfn=(736)
calls=1 -82 
* 897
+1 4
+10 2
+1 2
-63 1
+69 4
+2 2
+1 6
cfi=(161)
cfn=(790)
calls=1 863 
* 641
* 3
+2 2
cfi=(201) ./posix/../sysdeps/unix/sysv/linux/_exit.c
cfn=(810) _Exit
calls=1 27 
* 5
-90 1
cfi=(193) ./stdlib/./stdlib/cxa_thread_atexit_impl.c
cfn=(734) __call_tls_dtors
calls=1 149 
* 12
* 1

fn=(730) exit
142 3
+1 3
-1 1
+1 1
cfn=(732)
calls=1 40 
* 1634

fl=(110)
fn=(358)
29 1
fi=(111) ./string/../sysdeps/x86_64/multiarch/ifunc-memcmp.h
+5 2
+1 1
-1 2
+1 2
+1 2
+1 3
+2 2
+4 3
+3 3
fe=(110)
-17 1

fl=(198)
fn=(752)
76 4
+1 2
-1 2
+1 6
fi=(199) ./posix/../malloc/dynarray-skeleton.c
243 2
fe=(198)
65 4
+38 8
+1 4

fl=(122)
fn=(392)
33 1
fi=(101)
+3 2
+1 1
-1 2
+1 2
+2 2
+4 3
+3 3
fe=(122)
-13 1

fl=(148)
fn=(502)
46 1
+1 1
+1 1
+2 1
+1 1
+3 1
+1 1
+1 1
+33 1
+1 1
+1 1
+1 1
+1 1
+1 1
+1 1
+1 1
+1 1
+1 1
+3 1
+1 1
+2 1
+1 1
+2 1
+13 1
+1 1
+1 1
+1 1
+1 1
+1 1
+1 1
+1 1
+32 1
+1 1
+19 1
+1 1
+1 1
+15 1
+1 1
+1 1
+1 1
+1 1
+2 1
+1 1
+1 1
+1 2

fl=(173)
fn=(642)
105 662
+1 2648
cfi=(174) ./stdlib/../stdlib/strtol_l.c
cfn=(604) ____strtol_l_internal
calls=662 225 
* 82746

fn=(602)
97 2
+1 6
cfi=(174)
cfn=(604)
calls=2 225 
* 280

fl=(190)
fn=(724)
51 76
+2 76
+1 76
+1 76
+1 76
+1 76
+3 76
+1 76
+4 76
+1 76
+1 76
+1 76
+1 76
+1 76
+1 76
+1 76
+6 76
+1 152

fl=(96)
fn=(322)
61 1
-20 2
+1 1
-1 2
-1 2
+2 2
+2 2
+4 3
+3 3
+10 1

fl=(116)
fn=(374)
29 2
fi=(101)
+7 4
+1 2
-1 4
+1 4
+2 4
+4 6
+3 6
fe=(116)
-17 2

fl=(123)
fn=(396)
29 1
fi=(124)
+6 5
-1 2
+2 3
+5 2
-3 2
+9 3
+3 4
fe=(123)
-21 1

fl=(172)
fn=(598)
25 5
+1 30
+1 5

fl=(184)
fn=(650)
33 2160
+2 270
cob=(2)
cfi=(51)
cfn=(652)
calls=270 -35 
* 4320
+1 270
-1 270
+1 3240
+3 270
-3 270
+3 270
-3 270
+3 540
-1 538
+1 1
+1 1
fi=(185)
940 3
+2 2
+1 2
fe=(184)
40 269
fi=(185)
940 807
+2 538
+1 538
fe=(184)
40 810
cfi=(162)
cfn=(654)
calls=270 1197 
* 17418
* 540
+1 1890
+1 1080
fi=(185)
883 540
+1 2700
fe=(184)
46 1890

fl=(143)
fn=(462)
96 2
+5 1
-5 1
+5 1
-5 3
+5 3
cob=(2)
cfi=(51)
cfn=(450)
calls=1 0 
* 22
+2 4
cob=(2)
cfi=(51)
cfn=(450)
calls=1 0 
* 22
+2 4
cob=(2)
cfi=(51)
cfn=(450)
calls=1 0 
* 22
+2 4
cob=(2)
cfi=(51)
cfn=(450)
calls=1 0 
* 22
+2 4
cob=(2)
cfi=(51)
cfn=(450)
calls=1 0 
* 22
+4 3
+1 1
+1 6

fl=(98)
fn=(328)
29 2
fi=(93) ./string/../sysdeps/x86_64/multiarch/ifunc-memmove.h
+24 6
-1 4
+4 6
+14 4
+2 4
+8 4
+8 4
+2 10
fe=(98)

fl=(140)
fn=(448)
50 2
+1 2
-1 4
+1 3
cob=(2)
cfi=(51)
cfn=(450)
calls=1 -51 
* 840
+2 4
cob=(2)
cfi=(51)
cfn=(450)
calls=1 -53 
* 23
+2 6

fl=(201)
fn=(810)
27 2
+3 1
+1 2

fl=(83)
fn=(294)
31 2
fi=(84)
+2 10
-1 4
+2 6
+2 4
+4 6
+3 8
fe=(83)
-12 2

fl=(112)
fn=(362)
31 2
fi=(113) ./wcsmbs/../sysdeps/x86_64/multiarch/ifunc-wmemset.h
+2 10
+1 6
+2 4
+8 6
+3 8
fe=(112)
-16 2

fl=(117)
fn=(378)
31 1
fi=(208)
+1 5
fe=(117)
-1 1

fl=(153)
fn=(532)
29 4
+15 1
-15 5
+15 1
cfi=(154)
cfn=(534)
calls=1 -16 
* 34
* 1
+2 2
+5 2
+1 2
+3 2
+3 6
cob=(5)
cfi=(157)
cfn=(540)
calls=1 +34 
* 10126703
* 1
+16 1
cfi=(192)
cfn=(730)
calls=1 +68 
* 1642

fl=(193)
fn=(734)
149 4
+1 4
+18 4

fl=(92)
fn=(314)
29 2
fi=(93)
+24 6
-1 4
+4 6
+14 4
+2 4
+8 4
+8 4
+2 10
fe=(92)

fl=(167)
fn=(572)
313 1
fi=(166)
3162 3
fe=(167)
313 5
+5 1
fi=(166)
3162 2
cfi=(168)
cfn=(574)
calls=1 28 
* 9
* 2
fe=(167)
343 2
+4 3
fi=(166)
1966 4
+3 1
-3 1
+3 2
-3 2
+3 126
-3 126
+3 252
-3 252
fe=(167)
352 3
fi=(166)
1977 1
+1 1
+2 1
fe=(167)
352 1
cob=(2)
cfi=(51)
cfn=(450)
calls=1 0 
* 23
+1 4
cob=(2)
cfi=(51)
cfn=(450)
calls=1 0 
* 22
+1 4
cob=(2)
cfi=(51)
cfn=(450)
calls=1 0 
* 23
+1 4
cob=(2)
cfi=(51)
cfn=(450)
calls=1 0 
* 23
+1 4
cob=(2)
cfi=(51)
cfn=(450)
calls=1 0 
* 22
+1 4
cob=(2)
cfi=(51)
cfn=(450)
calls=1 0 
* 23
+1 4
cob=(2)
cfi=(51)
cfn=(450)
calls=1 0 
* 23
+2 4
cob=(2)
cfi=(51)
cfn=(450)
calls=1 0 
* 23
+1 4
cob=(2)
cfi=(51)
cfn=(450)
calls=1 0 
* 23
+1 4
cob=(2)
cfi=(51)
cfn=(450)
calls=1 0 
* 23
+3 4
cob=(2)
cfi=(51)
cfn=(450)
calls=1 0 
* 23
+1 4
cob=(2)
cfi=(51)
cfn=(450)
calls=1 0 
* 23
+1 2
+63 7

fl=(189)
fn=(720)
1180 228
+30 95
+8 57
+4 95
+11 38
+11 19
fi=(211) ./stdio-common/./stdio-common/printf-parse.h
111 38
fe=(189)
1244 95
fi=(211)
111 19
cob=(2)
cfi=(51)
cfn=(722)
calls=19 0 
* 399
fe=(189)
1259 19
fi=(211)
111 19
fe=(189)
1259 57
239 19
fi=(212) ./stdio-common/../libio/libioP.h
940 19
fe=(189)
1263 19
fi=(212)
942 19
-2 19
fe=(189)
1263 19
fi=(212)
940 38
+2 38
+1 38
fe=(189)
239 76
cfi=(162)
cfn=(654)
calls=19 1197 
* 380
* 38
127 171
1263 38
+4 57
+4 152
1532 19
1214 19
+34 19
-8 19
1532 57
+23 19
-39 19
+39 19
-39 19
+39 38
1313 855
+39 57
-51 57
-1 57
-1 57
-1 57
+5 57
1501 57
fi=(211)
88 57
fe=(189)
1352 57
-46 57
-4 57
+50 57
1501 57
1295 57
-1 57
-1 57
-1 57
-1 57
+16 114
1608 38
+1 38
+3 228
-4 171
1218 38
+41 76
cfi=(160)
cfn=(548)
calls=19 24 
* 190
+1 247
-1 38
1609 38
cfi=(160)
cfn=(606)
calls=19 39 
* 152
+2 19
-47 19
-47 418
-1 494
cfi=(191)
cfn=(726)
calls=38 163 
* 1324
* 1178
192 76
+47 38
fi=(212)
942 114
+1 76
fe=(189)
239 152
cfi=(162)
cfn=(654)
calls=38 1197 
* 2550
* 76
127 627
1517 114
-54 38
+53 76
+73 57
fi=(211)
111 57
fe=(189)
1583 57
fi=(211)
111 114
cob=(2)
cfi=(51)
cfn=(722)
calls=57 0 
* 1197
fe=(189)
239 57
fi=(212)
942 57
fe=(189)
1593 57
fi=(211)
111 57
fi=(212)
942 57
fe=(189)
1593 57
fi=(212)
942 57
+1 114
fe=(189)
239 228
cfi=(162)
cfn=(654)
calls=57 1197 
* 3762
* 114
127 741
1593 114
+2 133
-79 760
192 76
1392 76
1516 304
+1 38
cob=(2)
cfi=(51)
cfn=(652)
calls=19 0 
* 304
* 38
-1 380
239 19
fi=(212)
942 57
+1 38
fe=(189)
239 76
cfi=(162)
cfn=(654)
calls=19 1197 
* 1175
* 38
127 114
1516 76

fl=(174)
fn=(604)
225 1992
+54 664
-54 2656
+19 664
-19 1992
+14 664
-14 664
+26 1328
+31 2656
+9 3984
+2 1328
+5 1328
-1 664
+6 1328
+4 1328
+10 1328
+10 2656
-82 1328
377 664
+56 2656
309 664
449 664
+10 1992
-10 664
+10 664
+12 1328
-5 1504
+5 1504
+1 4512
-41 3008
+2 4688
+2 4512
+28 4512
+3 3008
+11 1328
+5 1992
+1 2
+5 1328
324 1328
491 1992
-2 1328
+17 3320
+18 5312

fl=(104)
fn=(344)
66 1
-25 4
+1 3
+2 2
+5 3
+3 3
+14 1

fl=(114)
fn=(366)
29 1
fi=(84)
+4 5
-1 2
+2 3
+2 2
+4 3
+3 4
fe=(114)
-14 1

fl=(126)
fn=(402)
33 1
fi=(93)
+20 3
-1 2
+4 3
+14 2
+2 2
+8 2
+8 2
+2 5
fe=(126)

fl=(177)
fn=(616)
34 90264
+3 30088
+1 90252
+5 75216
-5 4
cfi=(161)
cfn=(550)
calls=4 299 
* 647

totals: 10272550
